0.441  74.83  59.73  -5.21  2.2  -4.01  0  0  0  0  0  0  0  0.00  0.20  0.69  
0.464  80.99500000000002  64.67099999999999  -5.83  2.37  -6.34  0  0  0  0  0  0  0  0.00  0.20  0.59  
0.488  86.8675  69.4671  -4.19  2.24  -8.02  0  0  0  0  0  0  0  0.10  0.20  0.59  
0.512  91.90075  73.78971  -5.74  4.36  -7.8  0  0  0  0  0  0  0  0.00  0.10  0.59  
0.534  96.094075  77.461971  -5.49  5.15  -5.66  0  0  0  0  0  0  0  0.00  0.10  0.59  
0.558  99.6634075  80.65519710000001  -3.76  4.5  -3.24  0  0  0  0  0  0  0  0.10  0.10  0.59  
0.581  102.77434075000001  83.45851971  -2.3  4.8  -0.56  0  0  0  0  0  0  0  0.00  0.20  0.69  
0.605  105.29943407500001  85.85385197100001  -1.54  3.56  2.15  0  0  0  0  0  0  0  0.00  0.10  0.59  
0.628  107.3249434075  87.9923851971  -0.84  2.02  3.76  0  0  0  0  0  0  0  0.00  0.00  0.49  
0.652  108.97649434075  89.79023851971  -1.37  0.34  3.69  0  0  0  0  0  0  0  0.00  0.10  0.49  
0.675  110.401649434075  91.113023851971  -1.34  -0.58  3.92  0  0  0  0  0  0  0  0.00  0.10  0.78  
0.699  111.6601649434075  91.96530238519709  1.02  -0.9  3.9  0  0  0  0  0  0  0  0.00  0.10  0.59  
0.722  112.83901649434075  92.58153023851972  2.51  -3.23  4.65  0  0  0  0  0  0  0  0.00  0.20  0.78  
0.746  113.81190164943408  92.87715302385197  0.39  -4.18  6.82  0  0  0  0  0  0  0  0.00  0.20  0.59  
0.77  114.6741901649434  93.0327153023852  -2.52  -4.14  9.0  0  0  0  0  0  0  0  0.00  0.10  0.59  
0.792  115.36341901649433  92.99427153023852  -5.44  -1.92  9.17  0  0  0  0  0  0  0  0.00  0.20  0.49  
0.816  116.13434190164944  93.05342715302385  -8.82  -0.07  7.32  0  0  0  0  0  0  0  0.00  0.20  0.59  
0.839  116.80543419016493  93.19434271530238  -12.63  1.57  5.14  0  0  0  0  0  0  0  0.00  0.10  0.59  
0.863  117.2865434190165  93.44243427153025  -12.49  3.37  1.44  0  0  0  0  0  0  0  0.00  0.10  0.39  
0.886  117.67665434190165  93.94424342715303  -11.78  2.66  -1.49  0  0  0  0  0  0  0  0.00  0.20  0.49  
0.91  117.96766543419017  94.68742434271529  -10.51  2.39  -0.95  0  0  0  0  0  0  0  0.00  0.20  0.39  
0.933  118.21276654341901  95.42774243427152  -7.87  3.3  2.11  0  0  0  0  0  0  0  0.00  0.29  0.49  
0.957  118.4892766543419  96.10477424342716  -3.76  2.69  6.71  0  0  0  0  0  0  0  0.00  0.20  0.59  
0.98  118.4809276654342  96.88347742434271  -0.68  4.27  9.68  0  0  0  0  0  0  0  0.00  0.20  0.69  
1.004  118.57009276654341  97.51934774243428  0.66  2.56  8.2  0  0  0  0  0  0  0  0.00  0.20  0.39  
1.028  118.68700927665434  97.94293477424343  1.56  -0.38  4.22  0  0  0  0  0  0  0  0.00  0.29  0.39  
1.051  118.90570092766544  98.24629347742433  0.31  -0.36  0.58  0  0  0  0  0  0  0  0.00  0.39  0.49  
1.075  119.10757009276654  98.37562934774243  -0.04  -1.11  -0.89  0  0  0  0  0  0  0  0.00  0.69  0.49  
1.098  119.41575700927666  98.34356293477424  -0.08  0.1  -0.47  0  0  0  0  0  0  0  0.00  0.69  0.69  
1.122  119.76157570092765  98.24135629347744  0.37  -0.3  0.18  0  0  0  0  0  0  0  0.00  0.78  0.59  
1.144  119.85915757009278  97.87113562934773  0.09  0.98  -0.79  0  0  0  0  0  0  0  0.00  0.78  0.59  
1.168  119.95891575700928  97.24911356293478  0.6  -0.73  -3.22  0  0  0  0  0  0  0  0.00  0.78  0.59  
1.191  120.15789157570093  96.78191135629348  -1.97  -0.46  -3.24  0  0  0  0  0  0  0  0.00  0.69  0.59  
1.215  120.1147891575701  96.46519113562935  -4.36  0.4  -1.96  0  0  0  0  0  0  0  0.00  0.69  0.59  
1.239  119.912478915757  96.15451911356294  -4.84  -0.32  -0.87  0  0  0  0  0  0  0  0.00  0.78  0.49  
1.262  119.7662478915757  95.84445191135629  -5.0  -0.36  -2.92  0  0  0  0  0  0  0  0.00  0.78  0.49  
1.286  119.63462478915757  95.66944519113564  -5.85  -0.65  -5.05  0  0  0  0  0  0  0  0.00  0.78  0.49  
1.309  119.27046247891576  95.74194451911356  -6.48  -1.54  -4.53  0  0  0  0  0  0  0  0.00  0.69  0.39  
1.333  119.19804624789157  95.74919445191135  -8.32  -1.31  -3.02  0  0  0  0  0  0  0  0.00  0.69  0.49  
1.356  119.12780462478916  95.83991944519113  -8.54  -2.92  0.34  0  0  0  0  0  0  0  0.00  0.78  0.69  
1.38  119.00378046247891  96.01099194451912  -7.74  -3.37  1.49  0  0  0  0  0  0  0  0.00  0.78  0.59  
1.403  118.9553780462479  96.2530991944519  -7.35  -3.66  1.85  0  0  0  0  0  0  0  0.00  0.78  0.49  
1.427  119.08553780462478  96.5833099194452  -7.02  -1.43  1.94  0  0  0  0  0  0  0  0.00  0.69  0.59  
1.451  119.00855378046248  96.86833099194453  -4.95  -0.08  1.95  0  0  0  0  0  0  0  0.00  0.88  0.59  
1.474  119.03685537804625  96.87883309919445  -2.32  0.53  1.86  0  0  0  0  0  0  0  0.00  0.78  0.59  
1.498  119.08468553780463  96.78088330991945  -3.35  0.76  2.71  0  0  0  0  0  0  0  0.00  0.88  0.69  
1.521  119.08046855378046  96.66308833099195  -4.64  0.68  3.18  0  0  0  0  0  0  0  0.00  0.98  0.59  
1.545  118.96304685537805  96.4533088330992  -4.36  1.56  2.42  0  0  0  0  0  0  0  0.00  0.98  0.49  
1.568  118.9513046855378  96.16233088330992  -2.79  0.67  1.53  0  0  0  0  0  0  0  0.00  1.08  0.59  
1.592  118.91413046855378  95.85423308833099  -4.11  -0.05  2.53  0  0  0  0  0  0  0  0.00  0.88  0.49  
1.615  118.79341304685538  95.39142330883311  -7.66  -0.1  4.32  0  0  0  0  0  0  0  0.00  0.88  0.49  
1.639  118.61934130468553  94.73314233088331  -9.98  -1.69  4.15  0  0  0  0  0  0  0  0.00  0.88  0.59  
1.661  118.41293413046856  93.97431423308834  -14.47  -2.92  3.92  0  0  0  0  0  0  0  0.00  0.88  0.39  
1.686  118.23929341304685  93.20543142330884  -18.97  -5.98  4.31  0  0  0  0  0  0  0  0.00  0.88  0.49  
1.71  118.45592934130468  92.47154314233087  -22.47  -8.34  6.42  0  0  0  0  0  0  0  0.00  0.78  0.49  
1.733  118.72959293413047  91.9481543142331  -26.83  -9.39  11.61  0  0  0  0  0  0  0  0.00  0.88  0.49  
1.757  118.90095929341305  91.52681543142332  -27.05  -9.91  15.85  0  0  0  0  0  0  0  0.00  0.78  0.49  
1.78  119.15209592934131  91.34068154314232  -27.4  -8.77  17.93  0  0  0  0  0  0  0  0.00  0.88  0.39  
1.804  119.13220959293413  91.50206815431423  -28.34  -8.61  18.12  0  0  0  0  0  0  0  0.00  0.69  0.39  
1.827  118.93222095929342  91.92320681543141  -30.73  -6.58  16.18  0  0  0  0  0  0  0  0.00  0.69  0.39  
1.851  118.78622209592933  92.24432068154314  -27.27  -4.34  12.14  0  0  0  0  0  0  0  0.00  0.88  0.49  
1.874  118.67262220959293  92.60043206815432  -18.41  -1.0  5.02  0  0  0  0  0  0  0  0.00  0.78  0.49  
1.898  118.58026222095928  93.02304320681542  -11.67  -0.01  -1.53  0  0  0  0  0  0  0  0.00  0.69  0.49  
1.923  118.76902622209593  93.58730432068155  -5.34  -4.86  -4.99  0  0  0  0  0  0  0  0.00  0.69  0.20  
1.946  118.72490262220958  94.20173043206816  -4.46  -5.95  -0.59  0  0  0  0  0  0  0  0.00  0.98  0.10  
1.97  118.61249026222094  94.35317304320682  -4.33  -1.01  4.24  0  0  0  0  0  0  0  0.00  0.78  0.39  
1.993  118.3672490262221  93.77431730432068  0.67  -1.31  6.51  0  0  0  0  0  0  0  0.00  0.78  0.69  
2.016  118.2887249026222  92.87043173043206  3.65  -3.6  5.86  0  0  0  0  0  0  0  0.00  0.69  0.88  
2.039  117.95687249026221  91.97004317304321  -0.95  -6.39  5.02  0  0  0  0  0  0  0  0.00  0.69  0.59  
2.063  117.42868724902623  90.62000431730432  -6.99  -11.59  4.21  0  0  0  0  0  0  0  0.00  0.78  0.29  
2.086  116.83586872490262  89.09000043173043  -10.72  -17.31  2.95  0  0  0  0  0  0  0  0.00  0.69  0.39  
2.11  116.11058687249027  87.51500004317305  -10.85  -20.73  2.21  0  0  0  0  0  0  0  0.00  0.78  0.49  
2.135  115.00305868724902  86.40350000431731  -10.39  -25.14  0.02  0  0  0  0  0  0  0  0.00  0.59  3.24  
2.158  113.82130586872489  85.46435000043172  -10.43  -30.62  0.97  0  0  0  0  0  0  0  0.00  0.59  8.14  
2.182  112.6681305868725  84.83043500004318  -13.4  -41.09  6.72  0  0  0  0  0  0  0  0.00  0.59  0.00  
2.205  111.93181305868724  84.11004350000432  -16.37  -44.48  13.34  0  0  0  0  0  0  0  0.00  0.59  0.10  
2.23  111.04818130586872  83.94800435000043  -20.87  -41.33  21.84  0  0  0  0  0  0  0  0.00  0.59  1.47  
2.253  110.10481813058686  84.44480043500003  -22.74  -33.69  26.92  0  0  0  0  0  0  0  0.00  0.69  1.57  
2.277  109.29048181305869  85.41248004350001  -14.08  -31.68  25.59  0  0  0  0  0  0  0  0.00  0.78  0.49  
2.301  108.85804818130586  86.16624800435  -7.31  -28.08  18.0  0  0  0  0  0  0  0  0.00  0.78  2.45  
2.325  107.93280481813058  86.151624800435  -10.65  -31.63  10.74  0  0  0  0  0  0  0  0.00  0.88  1.57  
2.349  107.30028048181306  85.65516248004349  -13.93  -24.53  0.71  0  0  0  0  0  0  0  0.00  1.18  0.00  
2.373  107.4350280481813  85.41651624800434  -13.47  -19.44  -4.56  0  0  0  0  0  0  0  0.00  1.96  2.94  
2.397  117.40250280481813  97.83065162480044  37.44  136.11  -218.73  0  0  0  0  0  0  1  0.00  6.08  0.00  
2.42  114.73625028048181  96.71406516248005  -8.02  20.46  41.23  0  0  0  0  0  0  1  0.00  1.86  0.00  
2.445  121.74162502804818  86.990406516248  -2.04  -78.24  10.47  0  0  0  0  0  0  0  0.00  2.35  1.08  
2.468  120.99316250280482  86.91804065162479  -14.18  -6.86  19.16  0  0  0  0  0  0  1  0.00  6.77  0.00  
2.492  114.32131625028047  85.08380406516247  7.43  -56.86  20.79  0  0  0  0  0  0  1  0.00  6.47  1.96  
2.516  111.73713162502806  84.61238040651625  2.98  22.63  2.52  0  0  0  1  0  0  1  0.00  5.69  0.00  
2.54  110.7137131625028  84.93423804065162  -5.31  28.78  -3.05  0  0  0  2  0  0  2  0.00  6.87  0.00  
2.564  110.80937131625028  84.66042380406516  -7.21  13.01  -3.88  0  0  0  3  0  0  2  0.00  4.32  0.00  
2.588  110.20693713162503  84.67804238040652  -4.79  5.1  -5.58  0  0  0  3  0  0  2  0.00  5.98  0.10  
2.612  109.5166937131625  84.92280423804065  -5.94  7.84  -4.96  0  0  0  3  0  0  2  0.00  5.00  0.20  
2.636  109.06066937131625  85.17228042380407  -5.05  4.57  -0.47  0  0  0  3  0  0  2  0.00  4.22  0.00  
2.66  108.69106693713164  85.2062280423804  -6.46  0.3  2.01  0  0  0  4  0  0  2  0.00  4.02  0.00  
2.683  108.23110669371317  85.12862280423805  -6.29  4.08  -0.53  0  0  0  4  0  0  2  0.00  3.53  0.00  
2.707  107.84311066937131  85.13886228042381  -5.63  5.24  -0.61  0  0  0  4  0  0  2  0.00  3.04  0.00  
2.732  107.55231106693714  85.08588622804238  -4.54  3.75  0.05  0  0  0  4  0  0  2  0.20  2.65  0.39  
2.755  107.20823110669372  85.12558862280424  -3.71  5.75  1.07  0  0  0  4  0  0  2  0.29  2.55  0.00  
2.779  107.08382311066937  85.12955886228043  -4.01  7.3  0.71  0  0  0  4  0  0  2  0.29  2.45  0.00  
2.802  106.99038231106695  85.22895588622804  -3.95  5.15  0.62  0  0  0  4  0  0  2  0.39  2.45  0.20  
2.827  106.9090382311067  85.28389558862281  -5.08  6.31  0.52  0  0  0  4  0  0  2  0.49  2.26  0.20  
2.85  106.95490382311067  85.2533895588623  -3.91  2.98  1.27  0  0  0  4  0  0  2  0.59  1.96  0.49  
2.874  106.81549038231107  85.27733895588624  -3.51  3.47  0.5  0  0  0  4  0  0  2  0.59  2.06  0.49  
2.897  106.9365490382311  85.21673389558862  -3.97  6.71  0.28  0  0  0  4  0  0  2  0.69  1.96  0.39  
2.922  107.0656549038231  85.16567338955886  -3.59  4.15  0.69  0  0  0  4  0  0  2  0.78  2.06  0.39  
2.946  107.24056549038231  85.21456733895589  -4.34  4.44  0.97  0  0  0  4  0  0  2  0.78  2.16  0.78  
2.969  107.29405654903822  85.2464567338956  -6.6  3.56  3.37  0  0  0  3  0  0  2  0.78  2.35  0.69  
2.993  107.20040565490382  85.16864567338956  -4.45  0.69  3.79  0  0  0  3  0  0  2  0.98  2.35  1.37  
3.016  106.93904056549037  85.19686456733896  -3.97  1.88  2.89  0  0  0  3  0  0  2  1.18  2.26  1.86  
3.041  107.04790405654903  85.1726864567339  -4.71  4.96  2.29  0  0  0  3  0  0  2  1.28  2.35  1.67  
3.064  107.18479040565491  85.12526864567339  -3.66  1.24  2.85  0  0  0  3  0  0  1  1.57  2.45  1.08  
3.088  107.22547904056549  85.08452686456734  -3.34  -0.14  2.89  0  0  0  3  0  0  1  1.67  2.45  1.67  
3.111  107.31954790405653  85.01745268645674  -2.76  -1.5  2.55  0  0  0  3  0  0  2  1.86  2.45  1.37  
3.136  107.28395479040566  85.00174526864568  -3.33  -0.03  2.34  0  0  0  3  0  0  1  1.86  2.65  0.69  
3.16  107.18139547904056  84.93717452686458  -2.82  -1.5  2.16  0  0  0  3  0  0  2  2.06  2.84  0.39  
3.183  107.21613954790406  84.91271745268645  -2.38  -0.92  1.72  0  0  0  3  0  0  2  2.06  2.94  0.39  
3.208  107.23761395479039  84.97327174526865  -2.31  0.5  1.31  0  0  0  3  0  0  1  1.96  2.84  0.98  
3.231  107.29376139547902  84.90732717452687  -2.35  0.69  1.06  0  0  0  3  0  0  1  1.96  3.04  0.88  
3.255  107.32637613954789  84.8737327174527  -1.82  -1.18  1.14  0  0  0  3  0  0  1  1.77  3.24  0.39  
3.278  107.2126376139548  84.87037327174528  -1.38  -1.87  1.37  0  0  0  3  0  0  1  1.67  3.24  0.69  
3.303  107.16526376139548  84.91503732717453  -1.88  0.39  1.01  0  0  0  3  0  0  1  1.47  3.34  0.49  
3.326  107.12452637613954  84.92850373271746  -1.76  0.05  0.88  0  0  0  2  0  0  1  1.28  3.34  0.88  
3.35  107.18345263761395  84.94785037327175  -1.98  -0.95  0.98  0  0  0  2  0  0  1  0.98  3.53  0.00  
3.374  107.06334526376139  84.96778503732718  -1.48  -2.3  1.57  0  0  0  2  0  0  1  0.88  3.53  0.59  
3.398  106.93433452637615  85.04177850373271  -1.76  -1.95  1.64  0  0  0  2  0  0  1  0.88  3.63  0.88  
3.422  106.8314334526376  85.08517785037327  -2.27  0.34  1.4  0  0  0  2  0  0  1  0.69  3.43  1.28  
3.445  106.85714334526376  85.14351778503733  -2.37  0.85  1.25  0  0  0  2  0  0  1  0.49  3.43  1.28  
3.47  106.96771433452639  85.15835177850374  -1.72  -1.02  1.98  0  0  0  2  0  0  1  0.49  3.43  0.88  
3.493  106.84377143345264  85.20483517785037  -2.14  0.15  1.63  0  0  0  2  0  0  1  0.59  3.34  0.98  
3.517  106.82237714334525  85.21848351778505  -2.57  0.31  1.87  0  0  0  2  0  0  1  0.39  3.24  1.18  
3.54  106.82923771433452  85.2918483517785  -2.07  0.91  1.79  0  0  0  2  0  0  1  0.59  3.14  1.47  
3.565  106.74892377143345  85.29918483517784  -2.32  0.16  1.71  0  0  0  2  0  0  1  0.49  3.04  0.69  
3.589  106.74089237714334  85.29991848351779  -2.18  0.11  2.12  0  0  0  2  0  0  1  0.49  3.04  1.18  
3.612  106.68608923771434  85.29099184835178  -1.8  -0.44  1.98  0  0  0  2  0  0  1  0.49  2.94  0.59  
3.636  106.55460892377144  85.34409918483517  -2.21  0.15  2.08  0  0  0  2  0  0  1  0.49  2.94  0.88  
3.659  106.55946089237715  85.28640991848353  -2.32  -0.6  1.66  0  0  0  1  0  0  1  0.39  2.84  0.49  
3.684  106.61394608923773  85.36164099184836  -2.56  -0.76  1.74  0  0  0  1  0  0  1  0.49  2.84  0.39  
3.707  106.59239460892378  85.30616409918483  -2.64  -0.92  1.63  0  0  0  1  0  0  1  0.39  2.84  0.59  
3.731  106.52723946089237  85.30961640991849  -2.96  -0.31  1.38  0  0  0  1  0  0  1  0.39  2.84  0.69  
3.756  106.41272394608924  85.30096164099184  -2.92  0.34  1.18  0  0  0  1  0  0  1  0.39  2.84  0.78  
3.779  106.43727239460893  85.33609616409919  -2.63  -0.66  1.29  0  0  0  1  0  0  1  0.49  2.94  0.49  
3.803  106.41272723946089  85.35760961640992  -2.59  -2.08  1.85  0  0  0  1  0  0  1  0.39  2.94  0.88  
3.827  106.33827272394609  85.35076096164099  -2.73  -0.49  1.4  0  0  0  1  0  0  1  0.29  2.94  0.69  
3.851  106.26782727239461  85.33207609616409  -2.66  -0.82  1.45  0  0  0  1  0  0  1  0.39  3.04  0.29  
3.874  106.24278272723946  85.30320760961641  -2.63  -0.95  1.4  0  0  0  1  0  0  1  0.39  3.04  0.00  
3.899  106.21327827272394  85.29132076096165  -2.66  -0.72  1.34  0  0  0  1  0  0  1  0.39  3.04  0.10  
3.922  106.09332782727239  85.25413207609617  -2.23  -0.73  1.26  0  0  0  1  0  0  1  0.39  3.14  0.29  
3.946  105.99133278272724  85.25041320760963  -2.24  -0.33  1.35  0  0  0  1  0  0  1  0.39  3.04  0.39  
3.971  105.90913327827272  85.31304132076096  -1.95  -0.13  1.53  0  0  0  1  0  0  1  0.49  2.94  0.78  
3.994  105.90991332782727  85.3733041320761  -2.31  -0.11  1.49  0  0  0  1  0  0  1  0.39  2.94  0.49  
4.018  106.00899133278271  85.38833041320761  -2.36  0.77  1.34  0  0  0  1  0  0  1  0.39  2.65  0.59  
4.041  105.95589913327828  85.36283304132076  -2.02  -0.05  1.83  0  0  0  1  0  0  1  0.39  2.75  0.49  
4.066  105.87858991332783  85.38728330413207  -2.04  -0.41  1.77  0  0  0  1  0  0  1  0.29  2.65  0.59  
4.089  105.89785899133278  85.46172833041321  -2.24  0.29  1.69  0  0  0  1  0  0  1  0.29  2.65  0.69  
4.113  106.01678589913328  85.47817283304133  -2.76  0.56  1.48  0  0  0  1  0  0  1  0.29  2.65  0.49  
4.137  105.96567858991331  85.49781728330413  -2.92  0.77  1.18  0  0  0  1  0  0  1  0.29  2.55  0.10  
4.161  105.92456785899134  85.50878172833042  -2.76  0.27  1.38  0  0  0  1  0  0  1  0.29  2.65  0.49  
4.185  105.88445678589913  85.56387817283303  -2.8  0.24  1.22  0  0  0  1  0  0  1  0.29  2.65  0.78  
4.208  105.8624456785899  85.62338781728329  -2.91  1.18  1.21  0  0  0  1  0  0  1  0.29  2.65  0.59  
4.232  105.85124456785898  85.61133878172834  -2.94  1.37  1.29  0  0  0  1  0  0  1  0.39  2.55  0.59  
4.256  105.85012445678589  85.60113387817282  -3.11  1.38  1.3  0  0  0  1  0  0  1  0.39  2.45  0.59  
4.28  105.81401244567859  85.59111338781729  -3.17  0.94  1.15  0  0  0  1  0  0  1  0.29  2.45  0.78  
4.303  105.84640124456786  85.62611133878173  -3.05  0.89  1.33  0  0  0  1  0  0  1  0.20  2.45  0.59  
4.327  105.85864012445678  85.64761113387817  -2.69  0.63  1.14  0  0  0  1  0  0  1  0.29  2.45  0.39  
4.352  105.88686401244567  85.64076111338782  -3.11  0.83  1.15  0  0  0  1  0  0  1  0.29  2.45  0.49  
4.375  105.83568640124456  85.63107611133877  -3.01  0.25  1.17  0  0  0  1  0  0  1  0.39  2.45  0.98  
4.399  105.89356864012446  85.63010761113387  -2.98  0.6  1.16  0  0  0  1  0  0  1  0.39  2.55  0.69  
4.422  105.90835686401245  85.5940107611134  -3.09  0.5  1.17  0  0  0  1  0  0  1  0.29  2.55  0.78  
4.446  105.87383568640124  85.59040107611135  -2.85  0.13  1.25  0  0  0  1  0  0  1  0.39  2.55  0.59  
4.47  105.87038356864012  85.56304010761114  -3.05  -0.02  1.28  0  0  0  1  0  0  1  0.39  2.55  0.59  
4.494  105.80703835686401  85.55130401076111  -3.15  0.53  1.03  0  0  0  1  0  0  1  0.29  2.55  0.39  
4.517  105.80970383568639  85.54113040107612  -3.03  0.69  0.91  0  0  0  1  0  0  1  0.29  2.55  0.69  
4.541  105.76497038356865  85.58511304010761  -3.24  1.31  1.11  0  0  0  1  0  0  1  0.39  2.55  0.78  
4.566  105.76049703835687  85.55351130401077  -2.82  0.4  1.28  0  0  0  1  0  0  1  0.39  2.45  0.59  
4.589  105.75104970383568  85.55935113040108  -2.9  0.66  1.34  0  0  0  1  0  0  1  0.39  2.45  0.59  
4.613  105.74110497038356  85.55993511304011  -3.01  1.5  1.19  0  0  0  1  0  0  1  0.39  2.55  0.49  
4.636  105.69511049703834  85.58699351130402  -3.13  0.73  1.28  0  0  0  1  0  0  1  0.29  2.45  0.59  
4.661  105.80751104970383  85.6166993511304  -3.04  1.92  1.34  0  0  0  1  0  0  1  0.39  2.45  0.78  
4.684  105.80075110497037  85.61066993511305  -3.42  1.78  1.21  0  0  0  1  0  0  1  0.39  2.55  0.39  
4.708  105.80007511049703  85.58306699351131  -2.92  1.59  1.21  0  0  0  1  0  0  1  0.39  2.45  0.98  
4.731  105.8090075110497  85.58030669935114  -2.97  1.36  1.29  0  0  0  1  0  0  1  0.39  2.45  0.69  
4.756  105.86390075110496  85.66103066993512  -2.94  1.26  1.66  0  0  0  1  0  0  1  0.39  2.45  0.88  
4.78  105.8603900751105  85.66910306699351  -2.87  0.34  1.44  0  0  0  1  0  0  1  0.29  2.45  0.78  
4.803  105.83303900751105  85.69691030669937  -2.82  0.21  1.41  0  0  0  1  0  0  1  0.39  2.35  0.78  
4.827  105.8483039007511  85.69069103066992  -2.98  0.77  1.3  0  0  0  1  0  0  1  0.39  2.35  0.78  
4.85  105.84983039007511  85.66306910306699  -3.06  1.02  1.31  0  0  0  1  0  0  1  0.39  2.26  0.59  
4.875  105.81398303900751  85.6783069103067  -3.22  0.66  1.12  0  0  0  1  0  0  1  0.29  2.26  0.59  
4.898  105.79239830390077  85.67983069103067  -3.21  1.37  0.95  0  0  0  1  0  0  1  0.29  2.26  0.39  
4.922  105.82623983039008  85.67098306910307  -3.11  1.42  1.0  0  0  0  1  0  0  1  0.39  2.16  0.39  
4.945  105.838623983039  85.65209830691032  -3.28  1.47  0.9  0  0  0  1  0  0  1  0.29  2.16  0.59  
4.97  105.8668623983039  85.65020983069104  -3.24  1.15  1.05  0  0  0  1  0  0  1  0.39  2.16  0.49  
4.994  105.89668623983039  85.64102098306911  -3.25  1.11  1.09  0  0  0  1  0  0  1  0.39  2.06  0.69  
5.017  105.87266862398303  85.64910209830691  -3.21  0.7  0.98  0  0  0  1  0  0  1  0.39  2.16  0.78  
5.041  105.9242668623983  85.63191020983068  -2.94  0.4  0.96  0  0  0  1  0  0  1  0.49  2.16  0.59  
5.065  105.87542668623983  85.69319102098308  -3.19  0.82  1.15  0  0  0  1  0  0  1  0.39  2.16  0.49  
5.089  105.89754266862398  85.7353191020983  -2.95  0.51  1.06  0  0  0  1  0  0  1  0.29  2.16  0.39  
5.112  105.9087542668624  85.74853191020982  -2.94  -0.1  1.36  0  0  0  1  0  0  1  0.29  2.26  0.39  
5.136  105.91887542668624  85.71385319102097  -2.95  0.63  1.24  0  0  0  1  0  0  1  0.29  2.26  0.59  
5.16  105.86588754266862  85.7283853191021  -2.92  0.05  1.18  0  0  0  1  0  0  1  0.39  2.26  0.39  
5.184  105.77958875426685  85.7388385319102  -3.11  0.54  0.88  0  0  0  1  0  0  1  0.39  2.26  0.20  
5.208  105.82495887542669  85.70388385319103  -2.81  0.53  1.02  0  0  0  1  0  0  1  0.39  2.26  0.29  
5.231  105.98249588754267  85.7093883853191  -2.07  -0.7  1.67  0  0  0  1  0  0  1  0.39  2.35  0.20  
5.256  105.95324958875426  85.79993883853192  -0.95  -2.46  2.82  0  0  0  1  0  0  1  0.39  2.16  0.39  
5.279  105.96832495887543  85.9169938838532  -0.58  -3.47  3.85  0  0  0  1  0  0  0  0.39  2.06  0.49  
5.303  105.81683249588754  85.89269938838532  -0.75  -2.74  4.37  0  0  0  1  0  0  0  0.29  2.16  0.10  
5.326  105.54968324958875  85.96226993883853  -1.88  1.36  3.63  0  0  0  1  0  0  0  0.39  2.16  0.00  
5.351  105.53196832495888  85.97822699388385  -5.18  10.02  2.4  0  0  0  1  0  0  0  0.49  1.96  0.00  
5.374  105.80919683249589  85.96182269938838  -7.43  11.76  1.14  0  0  0  1  0  0  0  0.59  2.06  0.00  
5.398  105.85491968324959  85.91518226993884  -3.89  -4.48  4.15  0  0  0  1  0  0  0  0.59  1.96  1.18  
5.422  106.01249196832497  85.79351822699388  -1.36  -6.36  3.21  0  0  0  1  0  0  0  0.49  2.06  0.00  
5.446  106.0822491968325  85.83535182269938  -4.9  8.73  1.88  0  0  0  1  0  0  0  0.59  2.06  0.00  
5.47  106.03522491968326  85.80353518226994  -3.99  4.95  2.05  0  0  0  0  0  0  0  0.59  2.06  0.20  
5.493  105.94952249196832  85.791353518227  -4.2  4.83  1.57  0  0  0  0  0  0  0  0.49  1.86  0.59  
5.517  105.91395224919683  85.76313535182271  -3.37  2.1  1.44  0  0  0  0  0  0  0  0.49  1.86  0.29  
5.541  106.00039522491969  85.75131353518226  -3.42  0.92  1.14  0  0  0  1  0  0  0  0.59  1.86  0.49  
5.565  105.93703952249197  85.75013135351823  -3.24  1.04  1.27  0  0  0  1  0  0  0  0.49  1.96  0.20  
5.588  105.8947039522492  85.72301313535182  -3.3  1.05  1.02  0  0  0  1  0  0  0  0.59  1.67  0.20  
5.612  105.89947039522492  85.71130131353517  -3.23  1.07  1.05  0  0  0  1  0  0  0  0.49  1.77  0.10  
5.637  105.93594703952249  85.82713013135351  -3.63  0.92  1.77  0  0  0  1  0  0  0  0.59  1.86  0.49  
5.66  105.92159470395225  85.81171301313535  -3.27  0.44  1.34  0  0  0  1  0  0  0  0.49  1.86  0.00  
5.684  105.90215947039522  85.81017130131353  -3.26  1.04  1.17  0  0  0  1  0  0  0  0.59  1.86  0.29  
5.707  105.90921594703953  85.76501713013137  -3.11  1.18  1.02  0  0  0  1  0  0  0  0.49  1.86  0.39  
5.731  105.85592159470394  85.76050171301314  -3.24  0.98  1.11  0  0  0  1  0  0  0  0.49  1.77  0.59  
5.755  105.8685921594704  85.73305017130133  -3.25  0.9  1.07  0  0  0  1  0  0  0  0.39  1.67  0.69  
5.779  105.87885921594705  85.73930501713014  -3.08  0.63  1.11  0  0  0  1  0  0  0  0.49  1.67  0.59  
5.803  105.8348859215947  85.739930501713  -3.2  0.84  0.97  0  0  0  1  0  0  0  0.49  1.57  0.88  
5.826  105.85748859215947  85.7489930501713  -3.36  0.76  0.93  0  0  0  1  0  0  0  0.49  1.67  0.59  
5.851  105.85074885921594  85.72289930501712  -3.18  0.59  0.92  0  0  0  1  0  0  0  0.49  1.67  0.49  
5.874  105.84107488592159  85.6662899305017  -3.18  0.63  1.11  0  0  0  1  0  0  0  0.49  1.47  0.39  
5.898  105.81310748859215  85.69662899305018  -3.26  0.82  1.02  0  0  0  1  0  0  0  0.49  1.37  0.59  
5.921  105.83731074885921  85.73566289930501  -3.27  0.84  1.15  0  0  0  1  0  0  0  0.49  1.57  0.59  
5.945  105.79473107488593  85.6855662899305  -3.26  1.12  0.98  0  0  0  1  0  0  0  0.59  1.57  0.88  
5.969  105.8354731074886  85.64455662899306  -3.24  1.21  0.91  0  0  0  1  0  0  0  0.49  1.57  0.69  
5.993  105.83954731074886  85.58645566289931  -3.24  0.76  0.92  0  0  0  1  0  0  0  0.59  1.57  0.69  
6.017  105.91195473107489  85.55364556628993  -3.17  0.68  1.02  0  0  0  1  0  0  0  0.59  1.37  0.59  
6.04  105.84719547310749  85.57736455662899  -3.22  0.79  0.98  0  0  0  1  0  0  0  0.49  1.57  0.59  
6.065  105.87671954731074  85.5617364556629  -3.27  0.53  0.96  0  0  0  1  0  0  0  0.59  1.47  0.69  
6.088  105.80767195473106  85.56917364556628  -3.31  0.31  1.05  0  0  0  1  0  0  0  0.49  1.47  0.69  
6.112  105.8277671954731  85.52491736455663  -3.31  0.85  0.77  0  0  0  1  0  0  0  0.59  1.57  0.29  
6.135  105.64077671954732  85.54749173645567  -3.19  -0.08  1.18  0  0  0  1  0  0  0  0.49  1.57  0.49  
6.16  105.64907767195474  85.52274917364556  -3.15  -0.52  0.19  0  0  0  1  0  0  0  0.49  1.57  0.69  
6.183  105.52390776719548  85.40327491736456  -2.82  -0.22  -0.05  0  0  0  1  0  0  0  0.39  1.37  0.69  
6.207  105.54739077671955  85.38232749173645  -2.89  1.69  -1.14  0  0  0  1  0  0  0  0.49  1.47  0.88  
6.232  105.64873907767195  85.44323274917365  -2.84  2.81  -0.97  0  0  0  1  0  0  0  0.29  1.28  1.47  
6.255  105.6498739077672  85.45832327491736  -2.3  2.55  -0.84  0  0  0  1  0  0  0  0.29  1.18  1.77  
6.279  105.66798739077673  85.51383232749174  -1.87  0.83  -0.75  0  0  0  1  0  0  0  0.29  1.18  0.29  
6.302  105.58879873907767  85.53738323274918  -1.73  4.99  -2.11  0  0  0  1  0  0  0  0.49  0.88  0.00  
6.326  105.67987987390777  85.75573832327491  -0.56  9.59  -2.56  0  0  0  0  0  0  0  0.39  0.69  1.47  
6.35  105.95898798739077  85.9215738323275  -0.66  7.31  -1.5  0  0  0  0  0  0  0  0.59  0.49  3.34  
6.374  106.09489879873907  85.94715738323275  -0.54  2.81  -2.38  0  0  0  0  0  0  0  0.59  0.49  3.24  
6.397  106.2254898798739  86.11171573832327  -0.34  2.5  -1.48  0  0  0  0  0  0  0  0.69  0.49  1.86  
6.421  106.25654898798739  86.20017157383232  -2.52  4.34  -3.3  0  0  0  0  0  0  0  0.69  0.59  1.37  
6.445  106.47565489879875  86.18201715738324  -1.75  6.13  -2.66  0  0  0  0  0  0  0  0.69  0.49  1.28  
6.469  106.51556548987986  86.28820171573832  -1.98  3.84  -3.15  0  0  0  0  0  0  0  0.59  0.49  0.88  
6.493  106.67255654898798  86.28082017157384  -4.02  3.21  -2.67  0  0  0  0  0  0  0  0.59  0.49  1.28  
6.516  106.7782556548988  86.26208201715738  -3.11  0.49  -1.62  0  0  0  0  0  0  0  0.59  0.39  0.78  
6.54  106.86982556548988  86.25120820171574  -2.79  1.05  -0.18  0  0  0  0  0  0  0  0.49  0.39  0.39  
6.563  106.73498255654899  86.19612082017157  -0.27  0.84  0.62  0  0  0  0  0  0  0  0.29  0.39  0.00  
6.588  106.8564982556549  86.07361208201716  2.93  4.73  -1.26  0  0  0  0  0  0  0  0.39  0.39  0.10  
6.611  106.7426498255655  86.11536120820172  8.21  -0.23  0.93  0  0  0  0  0  0  0  0.29  0.39  0.98  
6.635  106.92926498255656  86.61453612082018  8.64  3.37  1.33  0  0  0  0  0  0  0  0.29  0.49  1.77  
6.659  107.48792649825566  87.51945361208202  3.23  -11.98  7.17  0  0  0  0  0  0  0  0.29  0.59  1.18  
6.682  107.21079264982556  87.8799453612082  1.47  -19.98  10.31  0  0  0  0  0  0  0  0.20  0.88  0.10  
6.706  107.42607926498255  88.02399453612082  4.11  -21.82  11.79  0  0  0  0  0  0  0  0.10  1.57  0.00  
6.729  106.59260792649826  87.8583994536121  -1.2  -31.63  12.57  0  0  0  0  0  0  0  0.00  2.65  0.00  
6.753  105.94226079264982  87.6078399453612  -10.12  -21.76  10.48  0  0  0  0  0  0  1  0.00  4.02  0.00  
6.777  104.86922607926499  87.28578399453613  -9.24  -14.81  6.05  0  0  0  0  0  0  1  0.00  5.59  0.00  
6.801  104.6269226079265  87.11857839945361  -10.34  -8.59  5.24  0  0  0  0  0  0  1  0.00  6.47  0.00  
6.824  104.49469226079266  87.07485783994537  -12.07  -7.5  6.95  0  0  0  0  0  0  1  0.00  7.26  0.00  
6.848  103.76146922607927  86.87248578399453  -7.08  -7.7  2.82  0  0  0  0  0  0  1  0.00  7.65  0.00  
6.872  103.51714692260792  86.84324857839945  -6.46  1.79  -0.82  0  0  0  0  0  0  1  0.00  7.36  0.00  
6.895  103.53771469226079  86.89432485783995  -12.24  3.33  -3.39  0  0  0  0  0  0  2  0.00  7.95  0.00  
6.92  103.60277146922607  86.836432485784  -19.63  4.49  -3.52  0  0  0  0  0  0  2  0.00  8.14  0.10  
6.943  103.9242771469226  86.64164324857842  -21.36  -6.56  -1.52  0  0  0  0  0  0  2  0.20  8.24  0.29  
6.967  103.06542771469226  85.71316432485784  -14.78  -1.74  0.02  0  0  0  1  1  0  3  1.57  6.28  0.98  
6.991  102.91654277146924  85.6023164324858  -10.42  12.4  -5.47  0  0  0  2  1  0  3  1.86  5.49  0.00  
7.016  103.18065427714691  85.42923164324858  -9.28  8.51  -4.47  0  0  0  3  1  0  3  2.06  5.20  0.00  
7.04  103.9450654277147  85.51092316432486  -14.67  4.4  -1.83  0  0  0  4  1  0  3  2.06  5.20  0.00  
7.063  103.65250654277148  85.29409231643248  -11.31  -7.93  4.24  0  0  0  5  1  1  3  2.45  5.30  0.00  
7.088  103.55125065427715  84.76840923164323  -7.66  2.37  -0.79  0  0  0  6  1  1  3  3.24  5.00  0.00  
7.112  103.28912506542773  84.67084092316432  -4.08  2.9  -1.24  0  0  0  6  1  1  3  3.92  5.30  0.00  
7.136  103.14591250654277  84.67008409231643  -3.63  9.63  0.49  0  0  0  6  1  0  3  3.83  6.38  0.39  
7.16  103.44659125065428  84.66100840923164  -1.36  4.79  -0.05  0  0  0  6  1  0  3  3.83  7.36  0.78  
7.184  103.67465912506543  84.51610084092316  -1.63  6.11  0.69  0  0  0  6  1  0  3  3.83  7.06  1.08  
7.207  103.68846591250654  84.64561008409231  1.08  6.6  2.73  0  0  0  5  1  0  2  3.92  6.57  0.49  
7.232  103.77084659125066  84.62256100840924  0.01  11.69  0.7  0  0  0  5  1  0  2  3.83  5.59  0.69  
7.256  103.93208465912507  84.66525610084092  1.54  5.39  -0.41  0  0  0  5  1  0  2  3.83  5.20  0.39  
7.279  104.4702084659125  84.6605256100841  -0.88  4.53  -0.09  0  0  0  5  1  0  2  4.02  5.20  0.39  
7.304  104.47902084659125  84.79505256100842  4.66  -1.49  0.16  0  0  0  6  1  0  2  4.12  4.91  0.00  
7.327  104.29990208465912  85.00650525610084  11.73  -5.61  7.31  0  0  0  7  1  0  3  4.41  4.61  0.59  
7.352  103.92199020846591  85.43265052561009  9.36  -5.9  5.26  0  0  0  7  1  1  3  4.71  4.12  0.10  
7.375  103.65919902084659  85.48426505256101  5.33  -0.18  4.79  0  0  0  8  1  1  3  5.10  4.12  0.20  
7.4  103.11091990208466  85.7684265052561  4.36  3.54  3.83  0  0  0  8  1  0  3  5.49  4.71  0.00  
7.424  102.38109199020846  85.87784265052561  -0.35  27.5  1.75  0  0  0  7  1  0  3  5.69  5.69  0.20  
7.448  103.43310919902083  85.96978426505257  -10.56  55.8  -10.26  0  0  0  7  1  0  3  5.59  6.87  0.29  
7.472  104.57331091990208  86.01497842650525  -10.79  27.44  -7.24  0  0  0  7  1  0  3  5.69  8.34  1.37  
7.496  105.96533109199021  86.01949784265051  -6.87  -3.14  2.21  0  0  0  8  1  0  3  5.89  8.93  0.00  
7.521  106.31153310919902  85.93894978426505  -1.58  -30.4  6.88  0  0  0  8  1  0  3  6.18  9.42  0.00  
7.544  105.7161533109199  85.8858949784265  -1.34  -29.57  8.37  0  0  0  8  1  1  3  6.57  9.22  0.29  
7.569  105.08061533109199  85.79058949784265  -5.61  -14.31  6.36  0  0  0  8  2  1  4  6.77  9.12  0.10  
7.593  104.6570615331092  85.68205894978428  -10.79  1.09  1.69  1  0  0  9  2  1  4  7.16  9.22  0.00  
7.617  104.49770615331093  85.48220589497842  -9.47  7.27  -0.53  1  0  0  9  2  1  4  7.55  9.61  0.10  
7.642  104.63477061533109  85.30922058949785  -6.85  7.85  -1.53  1  0  0  9  2  1  4  8.04  10.10  0.29  
7.665  104.8284770615331  85.18392205894979  -4.5  8.5  -2.5  1  0  0  10  2  1  4  8.34  10.40  0.10  
7.69  104.9108477061533  85.18039220589499  -3.41  9.57  -1.99  1  0  0  10  2  1  4  8.53  10.50  0.00  
7.714  105.18908477061534  85.1350392205895  -1.39  8.63  -2.34  1  0  0  10  2  1  4  8.53  10.59  0.20  
7.738  105.28890847706153  85.24750392205895  0.33  2.61  0.58  1  0  0  10  2  1  4  8.63  10.59  0.10  
7.762  105.28989084770616  85.32175039220589  -4.02  4.67  0.87  1  0  0  10  2  1  4  8.63  10.59  0.29  
7.787  105.43398908477062  85.3111750392206  -6.24  2.51  -0.2  1  0  0  11  2  2  4  9.03  10.99  0.49  
7.811  105.74539890847706  85.26511750392207  -6.03  1.18  -0.14  1  0  0  11  2  2  4  9.32  11.58  0.69  
7.835  105.8755398908477  85.2695117503922  -4.01  -7.44  1.38  2  0  0  11  2  2  4  9.81  12.07  0.98  
7.86  105.66355398908478  85.33295117503923  -3.97  -2.73  3.15  2  0  0  12  2  2  4  10.30  12.36  0.88  
7.883  105.44435539890847  85.32129511750392  -4.54  -5.77  1.56  2  0  0  0  3  2  5  10.89  12.95  0.78  
7.908  105.30543553989085  85.23012951175039  -3.9  -1.79  1.61  2  0  0  2  3  2  5  11.38  13.54  0.69  
7.932  105.23754355398908  85.14001295117504  -3.87  -0.7  1.44  2  0  0  2  3  3  5  11.87  14.32  0.29  
7.957  105.28475435539892  85.0770012951175  -3.99  -1.12  1.55  2  0  0  2  3  3  5  12.07  15.01  0.10  
7.981  105.3344754355399  85.04370012951175  -3.27  -2.08  1.48  2  0  0  3  3  3  5  12.65  15.40  0.10  
8.005  105.22244754355398  85.04937001295117  -1.97  -0.2  0.68  2  0  0  4  3  2  5  12.85  15.60  0.20  
8.03  105.1482447543554  84.95093700129512  -1.69  4.63  -0.89  2  0  0  4  3  2  5  12.65  15.70  0.49  
8.053  105.34782447543554  85.04009370012952  -1.79  4.55  -0.63  2  0  0  4  3  0  4  12.46  15.30  0.69  
8.078  105.48478244754355  85.10300937001296  -3.44  -0.44  1.66  2  0  0  4  3  0  3  11.87  14.62  1.47  
8.102  105.53447824475435  85.04630093700129  -3.52  -1.08  1.27  2  0  0  4  3  0  3  11.77  13.83  0.88  
8.127  105.36844782447542  84.96863009370013  -3.21  1.53  0.52  2  0  0  4  3  0  3  11.87  13.64  1.37  
8.151  105.34284478244756  84.90686300937003  -2.94  4.7  -0.4  2  0  0  4  3  0  3  11.97  13.44  1.28  
8.175  105.50228447824476  84.945686300937  -4.35  8.24  -0.82  2  0  0  4  3  0  3  12.07  13.34  0.78  
8.2  105.74322844782446  84.9495686300937  -4.08  4.3  -0.94  2  0  0  4  3  0  4  12.46  13.64  0.20  
8.223  105.83032284478244  84.90495686300937  -2.82  -2.24  0.62  2  0  0  5  3  1  4  13.15  14.03  0.00  
8.248  105.64103228447824  84.94549568630093  -1.23  -1.85  0.95  2  0  0  5  3  2  4  13.24  13.93  0.00  
8.272  105.43310322844782  84.92254956863009  -0.86  1.96  -0.26  2  0  0  5  3  2  5  13.15  13.54  0.00  
8.297  105.52031032284478  84.956254956863  -3.25  7.5  -1.17  3  0  0  4  3  2  5  12.16  12.75  0.00  
8.321  105.59203103228447  85.0046254956863  -2.62  1.37  -1.01  3  0  0  4  3  2  5  11.87  12.07  0.00  
8.345  105.71620310322845  85.05446254956863  -0.4  -3.55  -0.1  3  0  0  4  3  3  5  11.58  11.48  0.00  
8.37  105.60262031032285  85.08644625495687  1.79  -7.44  0.49  3  0  0  3  3  3  5  11.28  10.59  0.00  
8.393  105.59126203103229  85.1256446254957  2.24  -5.22  -0.91  2  0  0  1  2  2  4  10.69  9.42  0.00  
8.418  105.56312620310322  85.27356446254957  4.52  -13.9  -0.92  2  0  0  11  2  2  4  9.52  8.04  0.39  
8.442  105.20931262031033  85.36035644625497  3.35  -18.33  0.7  1  0  0  10  1  1  3  7.36  6.08  0.20  
8.466  104.89493126203102  85.3780356446255  3.16  -20.48  -0.11  0  0  0  8  0  0  2  5.79  4.12  1.08  
8.491  104.6114931262031  85.35280356446255  3.51  -20.82  -2.15  0  0  0  5  0  0  1  3.63  2.35  2.45  
8.514  104.62814931262031  84.84628035644626  -4.84  -19.89  -0.27  0  0  0  4  0  0  0  1.77  1.28  1.86  
8.538  104.29681493126203  85.56062803564463  1.01  -35.33  -8.71  0  0  0  3  0  0  0  0.88  0.78  2.45  
8.562  107.6476814931262  83.35506280356446  -22.72  52.85  -12.36  0  0  0  2  0  0  0  1.08  1.28  0.49  
8.586  109.03576814931262  83.43150628035644  -18.76  26.35  -0.39  0  0  0  1  0  0  0  0.98  0.98  0.00  
8.609  110.47057681493125  85.88715062803564  -12.36  34.42  1.23  0  0  0  0  0  0  0  0.88  0.69  1.18  
8.634  112.07205768149313  91.13671506280356  3.63  7.16  22.15  0  0  0  0  0  0  0  0.69  2.16  0.88  
8.657  109.41520576814932  88.42167150628036  22.8  -69.36  69.2  0  0  0  0  0  0  0  0.88  2.26  2.16  
8.681  102.29152057681493  85.56716715062804  68.31  -87.26  -21.98  0  0  0  0  0  0  0  0.88  3.04  1.77  
8.706  101.9121520576815  85.2727167150628  -12.66  35.25  -75.78  0  0  0  1  0  0  0  0.98  2.84  4.71  
8.729  102.39621520576814  86.17927167150629  -18.11  110.3  -22.02  0  0  0  1  0  0  0  1.28  3.24  10.01  
8.753  103.47962152057681  86.19792716715062  -18.06  66.18  -22.78  0  0  0  1  0  0  0  1.47  4.71  26.39  
8.777  107.07096215205767  86.42479271671507  -25.2  52.76  -10.32  0  0  0  1  0  0  0  1.28  5.00  8.24  
8.801  109.85109621520577  86.09647927167151  -14.24  0.3  8.47  0  0  0  1  0  0  0  1.28  7.26  0.00  
8.825  111.42510962152058  84.21864792716715  -18.93  -47.95  15.19  0  0  0  3  0  1  1  0.98  10.10  0.00  
8.85  109.34151096215206  83.97686479271673  8.85  -76.11  25.29  1  0  0  8  0  4  2  3.14  12.16  0.00  
8.875  106.81115109621521  84.31268647927166  0.39  -3.89  10.92  2  0  0  11  0  6  3  5.49  11.77  0.00  
8.898  106.26111510962151  84.31026864792717  -6.21  16.78  0.49  2  0  0  12  1  6  3  8.04  11.38  0.00  
8.923  106.63811151096216  84.35502686479272  -1.31  18.82  -0.56  2  0  0  12  1  6  3  9.32  11.97  0.00  
8.947  106.97281115109622  84.57550268647927  2.76  5.61  2.72  2  0  0  12  1  5  2  9.22  12.26  0.00  
8.972  106.88928111510961  84.73255026864793  3.82  -0.26  3.37  1  0  0  12  1  4  2  7.75  12.16  0.00  
8.995  106.73692811151096  84.95525502686479  1.4  8.51  -0.15  1  0  0  11  1  3  2  7.06  11.77  0.29  
9.02  106.9376928111511  85.36452550268648  -1.98  6.93  -1.67  1  0  0  11  1  2  2  6.87  11.58  0.00  
9.044  107.42576928111511  85.63945255026866  -4.86  -4.79  3.39  1  0  0  11  1  2  2  6.87  11.48  0.49  
9.068  107.5195769281115  85.70294525502686  -4.55  -20.98  6.5  1  0  0  11  1  3  2  7.16  11.28  0.00  
9.093  106.80895769281115  85.7812945255027  -2.54  -26.53  13.8  1  0  0  11  1  3  3  7.46  11.09  0.00  
9.117  105.98189576928111  85.73512945255028  -3.15  -21.13  13.17  1  0  0  11  1  3  3  8.63  10.79  0.00  
9.142  105.21518957692811  85.58651294525502  -2.63  -13.17  10.03  1  0  0  11  1  3  3  9.61  10.99  0.00  
9.166  104.5715189576928  85.53565129452551  -1.9  -5.5  3.58  1  0  0  11  1  4  3  10.10  10.99  0.00  
9.191  104.15615189576927  85.61156512945256  -1.76  -2.34  2.0  1  0  0  12  1  3  3  10.50  11.18  0.00  
9.214  103.88061518957693  85.66415651294527  -3.69  6.43  -0.96  1  0  0  12  1  3  3  10.50  11.09  0.00  
9.239  104.0780615189577  85.66941565129453  -4.98  6.93  -2.29  1  0  0  12  1  3  3  10.40  11.09  0.29  
9.264  104.48480615189577  85.71494156512945  -3.63  -1.27  -0.07  1  0  0  12  1  3  3  10.50  11.09  0.00  
9.288  104.52548061518957  85.80949415651294  -1.55  -13.06  4.56  1  0  0  0  1  3  3  10.69  10.99  0.00  
9.313  104.22354806151895  85.9269494156513  -1.94  -13.85  7.62  1  0  0  0  1  4  3  11.18  10.69  0.39  
9.336  103.89635480615189  85.90269494156513  -3.54  -13.06  8.3  1  0  0  0  1  4  3  11.67  10.40  0.00  
9.361  103.41363548061518  85.83726949415652  -4.15  -8.59  4.92  1  0  0  0  1  4  3  12.16  10.01  0.00  
9.385  103.11336354806153  85.73172694941564  -4.86  -2.4  1.15  1  0  0  0  1  4  3  12.56  9.71  0.00  
9.41  102.98433635480615  85.64917269494157  -4.24  0.64  -0.16  1  0  0  1  1  4  4  13.05  9.71  0.00  
9.434  103.09743363548063  85.62291726949417  -3.05  1.58  0.05  1  0  0  1  1  4  4  13.15  9.52  0.00  
9.458  103.07274336354806  85.62029172694942  -1.95  -0.03  0.66  1  0  0  2  1  4  4  13.24  9.52  0.00  
9.482  102.98927433635481  85.66502917269494  -1.65  -0.83  1.48  1  0  0  2  1  4  4  13.34  9.52  0.20  
9.506  102.78292743363549  85.70550291726948  -2.56  1.26  1.03  1  0  0  2  1  4  4  13.34  9.61  0.59  
9.531  102.73529274336356  85.73655029172694  -3.94  4.65  0.37  1  0  0  2  1  4  4  13.34  9.61  0.49  
9.554  102.79352927433635  85.7396550291727  -4.06  3.47  0.37  1  0  0  2  1  4  4  13.05  9.91  0.29  
9.579  102.97035292743364  85.73996550291727  -3.56  1.91  0.95  1  0  0  2  1  4  4  12.56  10.10  0.49  
9.603  103.01503529274336  85.65899655029173  -2.15  -0.12  0.73  1  0  0  1  1  4  4  12.46  10.20  0.20  
9.627  102.97450352927433  85.70489965502917  -2.34  1.23  0.78  1  0  0  1  1  4  4  12.26  10.20  0.39  
9.652  102.88945035292743  85.68248996550292  -2.84  2.56  0.6  1  0  0  1  1  4  4  12.26  10.10  0.59  
9.675  102.94394503529274  85.6712489965503  -3.03  4.2  0.0  1  0  0  1  1  4  4  11.97  10.10  0.59  
9.7  102.94039450352928  85.68812489965502  -2.85  5.07  -0.31  1  0  0  1  1  4  4  11.77  10.10  0.39  
9.723  103.03003945035293  85.6718124899655  -2.89  5.69  -0.9  1  0  0  1  1  4  4  11.38  10.10  0.20  
9.748  103.17400394503528  85.66118124899654  -3.14  4.96  -0.47  1  0  0  0  1  4  3  10.89  9.91  0.59  
9.773  103.30540039450352  85.66011812489964  -2.58  2.36  0.51  1  0  0  0  1  4  3  10.79  9.91  0.00  
9.796  103.27354003945035  85.72301181248997  -2.46  -0.51  1.26  1  0  0  0  1  4  3  10.50  9.81  0.20  
9.821  103.23435400394504  85.78330118124902  -2.69  0.36  0.93  1  0  0  0  1  4  3  10.50  9.81  0.29  
9.845  103.1944354003945  85.8163301181249  -2.98  1.7  0.7  1  0  0  0  1  4  3  10.50  9.81  0.29  
9.869  103.23544354003944  85.83763301181249  -3.11  2.73  0.24  1  0  0  0  1  4  3  10.40  9.91  0.20  
9.893  103.24854435400394  85.84876330118125  -2.98  2.53  0.68  1  0  0  0  1  4  3  10.20  9.91  0.39  
9.917  103.3128544354004  85.87687633011812  -2.78  2.27  0.66  1  0  0  0  1  4  3  10.20  9.91  0.49  
9.942  103.34628544354004  85.88868763301181  -2.63  3.0  0.3  1  0  0  12  1  3  3  10.01  9.81  0.49  
9.965  103.43062854435401  85.94386876330118  -3.01  2.23  0.52  1  0  0  12  1  3  3  10.01  9.91  0.69  
9.99  103.50206285443541  85.94038687633012  -2.89  1.27  0.69  1  0  0  12  1  3  3  9.91  9.91  0.59  
10.014  103.50920628544354  85.958038687633  -3.05  0.11  1.02  1  0  0  12  1  3  3  9.81  10.01  0.59  
10.038  103.50092062854435  85.9418038687633  -3.03  0.84  0.8  1  0  0  12  1  3  3  9.81  10.01  0.59  
10.062  103.45509206285443  85.94918038687634  -2.82  1.18  0.73  1  0  0  12  1  3  3  9.81  10.01  0.59  
10.087  103.39650920628544  85.95891803868763  -2.49  1.13  0.42  1  0  0  12  1  3  3  9.81  10.01  0.69  
10.11  103.44465092062855  85.98689180386876  -2.56  1.6  0.51  1  0  0  12  1  3  3  9.52  9.91  0.69  
10.135  103.51246509206284  86.04368918038686  -2.8  2.67  0.79  1  0  0  12  1  3  3  9.52  9.91  0.69  
10.16  103.53724650920628  86.02236891803868  -2.57  2.13  0.5  1  0  0  12  1  3  3  9.42  10.01  0.78  
10.183  103.50372465092063  85.98423689180387  -3.11  3.89  0.55  1  0  0  12  1  3  3  9.32  10.10  0.78  
10.208  103.48237246509207  85.8994236891804  -1.73  6.25  -0.26  1  0  0  12  1  3  3  9.12  10.20  0.78  
10.232  103.18323724650921  85.89094236891805  -1.05  13.91  -2.05  1  0  0  11  1  3  3  8.73  10.69  0.98  
10.257  103.35132372465092  86.07909423689179  -5.05  12.43  -2.52  1  0  0  11  2  3  3  7.95  11.28  0.59  
10.281  103.8361323724651  86.10690942368917  -6.8  2.44  0.05  1  0  0  11  2  3  3  7.75  12.36  0.69  
10.305  104.4246132372465  86.21769094236892  -7.08  -5.6  1.37  1  0  0  12  2  5  4  8.14  13.73  0.20  
10.33  104.39346132372465  86.13876909423689  -4.55  -24.2  7.38  1  0  0  2  3  7  5  9.03  14.81  0.29  
10.354  104.12034613237248  85.7438769094237  -5.48  -22.46  8.79  1  0  0  4  3  9  5  11.09  15.79  0.20  
10.379  103.73303461323724  85.74938769094237  -4.65  -15.47  9.6  1  0  0  6  3  10  5  11.67  16.28  0.00  
10.403  103.38830346132372  85.76793876909423  -4.56  -15.59  6.81  1  0  0  7  4  10  6  11.18  16.09  0.00  
10.428  102.90383034613237  85.58079387690942  -3.95  -13.56  4.41  0  0  0  8  4  10  6  11.09  15.01  0.00  
10.452  102.48638303461323  85.57107938769093  -3.96  -7.03  1.92  0  0  0  8  3  10  6  10.99  13.64  0.00  
10.477  102.24663830346132  85.4621079387691  -2.8  -4.93  1.61  0  0  0  8  3  9  5  10.79  12.56  0.00  
10.502  101.92566383034614  85.38821079387691  0.0  0.12  -0.76  0  0  0  8  3  8  5  11.18  12.16  0.00  
10.526  101.76756638303462  85.38982107938769  2.88  2.85  -2.09  0  0  0  7  3  7  5  11.48  11.67  0.20  
10.551  101.83275663830347  85.40798210793876  3.6  6.69  -3.24  0  0  0  6  3  7  5  10.89  11.09  0.88  
10.575  102.05527566383034  85.62579821079389  1.66  2.15  -0.73  0  0  0  5  2  6  5  10.10  10.79  0.59  
10.599  102.19452756638302  85.7735798210794  -1.16  -1.05  1.18  0  0  0  5  3  6  5  9.61  11.09  0.59  
10.624  102.0644527566383  85.81535798210794  -0.56  -3.47  2.11  0  0  0  5  3  6  5  9.71  11.09  0.49  
10.648  102.06944527566382  85.9365357982108  -0.53  -3.82  1.99  0  0  0  5  3  6  5  10.01  10.99  0.39  
10.673  101.95294452756637  86.06565357982107  -1.96  -7.02  3.63  0  0  0  6  3  7  5  10.10  10.69  0.39  
10.697  101.58129445275665  86.06056535798211  -2.29  -5.73  3.4  0  0  0  7  3  7  5  10.59  10.89  0.20  
10.722  101.61612944527567  86.10505653579821  -3.17  -5.68  0.83  0  0  0  8  3  8  5  11.18  11.28  0.10  
10.746  101.68261294452756  86.10050565357982  -4.62  -11.0  2.92  0  0  0  8  4  9  5  11.67  11.58  0.10  
10.771  101.38326129445275  86.04605056535799  -3.67  -9.3  3.11  0  0  0  9  4  9  6  11.48  11.48  0.00  
10.796  100.96632612944528  86.0676050565358  -1.44  -8.04  1.31  0  0  0  9  4  9  6  10.79  11.09  0.00  
10.82  100.88863261294452  86.06076050565359  -3.07  -0.82  -0.16  0  0  0  9  4  9  6  9.81  10.69  0.00  
10.844  100.77286326129446  86.07807605056536  -2.95  3.69  -3.12  0  0  0  10  4  9  6  9.52  10.40  0.00  
10.868  100.69828632612943  86.03480760505654  -1.81  -0.21  -2.91  0  0  0  10  4  9  6  9.42  9.71  0.49  
10.893  100.23182863261295  85.99448076050564  -0.52  4.93  -4.05  0  0  0  8  4  8  6  9.32  8.93  0.00  
10.917  100.3201828632613  86.21544807605056  -0.75  22.73  -7.91  0  0  0  6  4  7  5  8.24  8.34  0.29  
10.942  100.72501828632613  86.54354480760506  -1.51  15.46  -6.44  0  0  0  2  4  5  5  6.87  7.85  1.08  
10.967  101.92650182863261  86.9993544807605  -6.11  -11.69  -3.31  0  0  0  11  4  5  4  5.98  7.85  0.59  
10.99  102.76665018286326  87.50393544807605  -10.34  -76.25  9.24  0  0  0  9  4  5  5  5.10  7.46  0.00  
11.015  103.03966501828631  88.08539354480762  -55.66  -167.12  21.27  0  0  0  6  3  6  5  4.12  5.69  0.00  
11.039  102.81496650182864  88.58453935448075  -149.12  -6.3  66.95  0  0  0  3  2  6  5  3.24  3.83  0.00  
11.064  105.59149665018286  88.16645393544808  -141.62  27.24  90.15  0  0  0  2  0  3  2  2.16  6.08  0.00  
11.087  109.17214966501828  91.2926453935448  -35.21  89.31  92.65  0  0  0  1  0  3  2  2.16  4.61  8.63  
11.111  118.03521496650183  95.31326453935449  74.02  97.25  198.47  0  0  0  0  0  3  2  0.00  0.00  16.28  
11.136  123.92552149665018  105.26432645393545  20.5  34.62  -35.74  0  0  0  0  0  3  0  0.00  0.88  6.57  
11.159  128.024552149665  115.25043264539354  28.64  -14.49  -13.05  0  0  0  0  0  3  0  0.10  0.59  1.86  
11.184  131.8994552149665  124.74504326453935  77.03  -53.54  -11.89  0  0  0  0  0  3  0  0.00  0.78  4.02  
11.207  125.49194552149666  130.86050432645393  91.79  85.47  0.37  0  0  0  0  0  3  0  0.00  3.63  0.00  
11.232  122.65519455214967  135.60305043264538  112.19  63.68  -7.72  0  0  0  0  0  3  0  0.00  0.00  0.49  
11.255  117.92551945521498  137.02230504326454  106.63  84.18  -24.27  0  0  0  0  0  3  0  0.00  0.00  2.55  
11.279  112.91655194552149  134.95923050432646  83.36  26.66  -36.87  0  0  0  0  0  3  0  0.00  0.00  1.67  
11.303  106.45765519455215  129.68592305043265  59.16  -9.48  -65.02  0  0  0  0  0  3  0  0.00  1.67  0.00  
11.327  102.85976551945521  124.38859230504326  45.26  -17.11  -57.27  0  0  0  0  0  3  0  0.10  1.77  0.00  
11.352  99.39497655194553  118.37785923050431  73.37  -88.81  -122.93  0  0  0  0  0  3  0  0.10  2.35  1.57  
11.375  95.46649765519456  111.98078592305043  91.68  -25.08  -132.12  0  0  0  0  0  3  0  0.10  5.40  2.75  
11.4  95.91064976551945  105.41007859230504  123.38  64.23  -112.37  0  0  0  1  0  3  0  0.10  6.97  3.24  
11.423  97.22406497655196  99.88400785923051  117.64  32.29  -117.25  0  0  0  1  0  3  0  0.10  5.49  4.41  
11.448  99.56040649765518  91.43840078592305  22.61  -173.16  -85.02  0  0  0  0  0  3  0  0.00  9.12  0.00  
11.471  90.17304064976551  79.80284007859231  -162.27  -159.71  -127.34  0  0  0  0  0  3  0  0.10  4.71  3.34  
11.496  86.03030406497655  82.24828400785923  -188.66  -87.84  -64.02  0  0  0  0  0  3  0  0.59  9.32  0.59  
11.52  84.33803040649767  83.66282840078593  -46.57  46.71  85.1  0  0  0  0  0  3  0  0.10  18.05  0.00  
11.544  88.81280304064977  83.8762828400786  5.66  37.98  121.89  0  0  0  1  0  3  0  0.39  42.58  0.00  
11.568  88.97228030406497  84.38362828400786  -32.65  134.76  8.1  0  0  0  2  0  3  0  1.86  66.02  4.91  
11.591  93.2452280304065  85.58636282840078  -32.32  83.49  -6.79  0  0  0  4  0  3  0  4.12  26.78  0.69  
11.616  94.90552280304065  86.57963628284008  -13.13  -23.53  0.91  1  0  0  5  0  3  0  6.97  18.74  0.00  
11.639  94.74755228030406  87.45296362828401  -2.55  5.48  -8.66  1  0  0  6  0  3  0  8.44  22.37  8.93  
11.664  94.9297552280304  88.7372963628284  -0.67  -26.61  -25.5  0  0  0  5  0  3  0  8.93  19.62  4.41  
11.687  94.81297552280303  89.73872963628284  -4.19  1.34  -26.25  0  0  0  5  0  3  0  8.63  15.60  0.00  
11.712  95.2332975522803  90.90987296362829  -10.88  7.77  -6.92  0  0  0  5  1  3  0  8.53  14.22  0.00  
11.737  95.72532975522803  91.63898729636283  -12.82  12.37  2.53  1  0  0  6  1  0  1  8.93  15.01  0.00  
11.76  95.5135329755228  92.20689872963626  -13.88  7.24  -0.08  1  0  0  7  2  0  1  10.20  17.46  0.00  
11.785  95.63635329755229  92.65968987296361  -17.85  21.33  -0.37  1  0  0  7  2  0  2  13.24  25.02  0.00  
11.809  96.55763532975523  92.99296898729636  -19.15  7.03  -2.02  1  0  0  8  4  1  3  15.70  32.37  0.00  
11.834  96.56876353297551  93.24229689872963  -16.22  -20.31  0.02  1  0  0  9  4  1  3  19.03  39.93  0.00  
11.858  96.22787635329755  93.24022968987296  -17.53  -14.2  1.41  1  0  0  10  5  2  4  22.46  45.42  0.00  
11.883  96.36478763532976  94.56302296898728  -21.9  -6.79  5.65  1  0  0  11  6  3  5  26.49  48.27  0.00  
11.908  95.97347876353298  94.47030229689872  -21.93  -16.47  -4.61  1  0  0  12  6  4  6  32.67  49.34  0.00  
11.932  96.2763478763533  94.47903022968988  -25.26  -32.6  -3.6  1  0  0  0  7  5  8  37.47  50.23  0.00  
11.957  96.16263478763534  94.91190302296899  -28.44  -31.41  -6.23  0  0  0  1  7  6  9  41.69  51.50  0.00  
11.981  95.88126347876353  94.3701903022969  -37.08  -42.01  2.08  0  0  0  2  8  7  9  45.81  50.33  0.00  
12.005  95.59212634787636  93.79401903022969  -44.38  -45.47  3.96  0  0  0  0  8  8  9  49.05  49.54  0.00  
12.029  94.38421263478764  92.08940190302297  -68.52  -9.61  -3.17  0  0  0  11  9  9  9  52.09  47.19  0.00  
12.054  93.11142126347876  90.46994019030231  -74.36  -10.38  -10.6  0  0  0  9  10  10  9  55.92  45.62  0.00  
12.079  92.24614212634788  88.68799401903021  -66.35  -20.42  6.25  0  0  0  6  11  11  9  57.68  45.32  0.00  
12.103  91.8266142126348  87.63679940190302  -71.36  -16.55  -14.01  0  0  0  5  11  11  9  58.86  43.95  0.00  
12.128  91.85666142126348  87.4326799401903  -72.4  -27.34  7.89  0  0  0  4  11  12  8  60.63  42.38  0.00  
12.152  90.67166614212636  86.63826799401903  -89.62  -52.16  0.93  0  0  0  3  11  1  3  62.69  43.46  0.00  
12.177  89.88716661421263  86.1268267994019  -107.31  -36.73  -2.37  0  0  0  2  5  2  9  64.26  42.28  0.39  
12.201  88.96271666142127  85.10368267994019  -168.05  -21.86  2.74  0  0  0  2  11  2  10  66.12  42.77  1.08  
12.226  88.06027166614213  84.99236826799401  -180.66  -43.88  43.12  0  0  0  1  11  12  7  64.55  42.28  0.78  
12.251  88.11402716661422  84.8732368267994  -250.05  -47.27  42.98  0  0  0  2  10  8  14  56.41  34.73  0.00  
12.275  87.49840271666143  82.08932368267995  -250.14  -22.06  5.52  0  0  0  4  7  7  12  38.75  29.72  3.63  
12.3  88.02184027166615  76.941932368268  -250.14  49.49  -63.47  0  0  0  2  2  5  4  21.48  28.55  8.04  
12.324  90.48618402716663  76.1391932368268  -129.11  149.56  -26.26  0  0  0  1  0  0  2  11.87  19.52  3.73  
12.348  93.58561840271666  87.8489193236827  77.37  234.93  133.02  0  0  0  0  0  0  2  4.51  15.50  6.97  
12.372  111.17556184027166  74.81789193236827  183.08  128.95  81.88  0  0  0  0  0  0  2  0.00  25.11  16.68  
12.396  104.33955618402716  86.11478919323683  250.13  150.15  -53.57  0  0  0  0  0  0  2  0.00  17.27  6.77  
12.421  87.78895561840272  103.84047891932369  250.13  216.25  118.82  0  0  0  0  0  0  2  0.00  28.25  0.29  
12.445  88.48289556184028  101.10404789193237  203.2  -47.6  -19.85  0  0  0  0  0  0  2  0.00  85.74  0.00  
12.469  70.10228955618403  123.47440478919323  182.31  -59.81  -95.0  0  0  0  0  0  0  2  0.00  106.44  0.00  
12.493  73.3762289556184  121.79644047891932  235.7  -160.53  -47.97  0  0  0  0  0  0  2  0.00  54.64  6.57  
12.517  72.26362289556184  118.68564404789193  176.73  -50.42  -31.97  0  0  0  0  0  0  2  0.00  40.91  2.94  
12.541  72.32336228955617  114.13556440478919  217.91  -2.03  -34.21  0  0  0  0  0  0  2  0.00  105.65  0.00  
12.566  72.49133622895562  109.94555644047892  200.8  71.1  -46.98  0  0  0  0  0  0  2  0.00  106.44  0.00  
12.59  74.69513362289555  105.3235556440479  186.86  52.52  -84.19  0  0  0  0  0  0  2  0.00  106.54  0.00  
12.614  77.60651336228958  101.31535556440478  147.0  -104.66  -88.91  0  0  0  0  0  0  2  0.00  96.14  0.00  
12.638  77.92465133622896  97.97153555644047  41.15  -134.69  -126.24  0  0  0  0  0  0  2  0.00  15.99  0.00  
12.662  80.5934651336229  93.23615355564404  39.48  -156.4  -97.67  0  0  0  0  0  0  2  0.00  20.11  0.00  
12.687  76.8823465133623  82.6916153555644  -161.76  250.14  92.79  0  0  0  1  0  0  0  0.00  59.64  3.53  
12.71  80.12923465133623  84.32816153555645  -110.23  -234.6  -250.14  0  0  0  5  0  0  2  0.69  26.29  18.44  
12.735  82.03792346513363  91.40381615355565  -74.22  250.14  -124.41  2  0  0  8  0  0  3  2.45  16.09  0.00  
12.76  87.88979234651337  94.91038161535556  -21.4  -44.11  5.83  3  0  0  10  1  0  3  5.89  21.48  7.06  
12.784  88.24997923465135  95.39603816153556  -4.73  -1.9  25.37  4  0  0  12  1  0  3  9.42  25.31  2.06  
12.809  90.32899792346514  95.59760381615357  7.37  37.91  13.67  4  0  0  1  1  1  4  13.34  48.27  0.00  
12.833  91.50889979234651  96.15776038161536  13.92  -2.02  27.85  4  0  0  2  2  0  4  13.73  32.86  1.08  
12.858  91.61788997923465  97.12277603816153  16.79  -9.61  34.08  5  0  0  3  2  0  3  13.73  42.77  0.39  
12.881  91.70078899792347  97.37227760381616  5.2  -18.08  17.92  5  0  0  2  2  0  2  13.34  33.94  4.81  
12.906  92.49207889979235  97.97322776038162  12.52  34.45  4.52  4  0  0  2  2  0  2  12.95  32.37  3.83  
12.931  93.80420788997924  98.99632277603816  5.19  13.13  -0.56  4  0  0  0  2  0  2  12.26  32.67  1.28  
12.955  95.00642078899793  99.92663227760382  -7.67  4.4  -0.15  4  0  0  0  2  0  2  11.87  33.94  0.69  
12.98  94.31664207889979  99.81266322776037  -4.41  -22.15  4.03  4  0  0  1  2  0  2  12.56  35.90  0.00  
13.003  94.50866420788998  100.35926632277604  -8.78  1.52  1.63  4  0  0  2  2  0  2  13.44  36.89  0.00  
13.028  94.68986642078899  100.53092663227761  -7.19  -8.17  4.53  5  0  0  2  2  0  2  14.32  37.87  0.00  
13.052  94.70798664207888  100.56609266322775  -6.42  -9.33  5.31  5  0  0  3  2  0  2  15.40  43.85  0.00  
13.077  94.7457986642079  100.41660926632278  -2.49  -4.19  4.9  5  0  0  3  3  0  3  16.19  40.02  0.20  
13.102  94.67757986642079  100.44666092663228  -0.53  -7.87  7.25  5  0  0  4  3  1  3  17.27  36.30  0.00  
13.126  94.71575798664207  100.51266609266322  -1.01  3.89  1.96  5  0  0  5  3  1  3  17.46  36.98  0.49  
13.151  94.8905757986642  100.57326660926633  -4.37  -3.4  -0.6  5  0  0  5  3  1  3  17.56  37.47  0.78  
13.175  94.82705757986642  100.58832666092664  -3.04  4.36  -0.73  5  0  0  5  3  1  3  17.66  36.79  0.49  
13.2  95.07270575798664  100.71583266609267  -3.45  -0.4  0.91  5  0  0  5  3  1  3  17.76  36.79  0.49  
13.224  94.92627057579865  100.71958326660926  -3.04  -2.45  1.5  5  0  0  6  3  1  3  17.95  36.79  0.00  
13.249  95.02862705757987  100.76495832666092  -3.18  0.57  0.4  5  0  0  6  3  1  3  18.05  36.79  0.69  
13.273  95.04786270575798  100.75149583266608  -4.18  -1.1  0.0  5  0  0  6  3  1  3  18.05  36.40  0.88  
13.297  95.1037862705758  100.7771495832666  -4.09  -1.62  0.03  5  0  0  6  3  1  3  18.05  35.90  0.69  
13.322  95.17237862705758  100.78871495832666  -4.48  -0.11  -0.14  5  0  0  6  3  1  3  17.85  35.22  0.20  
13.346  95.17923786270576  100.78087149583266  -5.34  -2.33  -0.15  5  0  0  6  3  1  3  17.66  34.34  0.88  
13.371  95.12592378627058  100.75308714958327  -5.57  -1.89  -0.1  5  0  0  6  3  1  3  17.66  33.55  0.29  
13.395  95.08459237862706  100.73230871495834  -5.31  -0.64  -0.05  5  0  0  6  3  1  3  17.85  33.16  0.10  
13.42  95.06245923786271  100.65823087149585  -6.01  -1.86  0.08  5  0  0  6  3  1  3  17.66  32.67  0.10  
13.445  95.05124592378627  100.57882308714957  -6.08  -1.41  -0.39  5  0  0  6  3  1  3  17.56  31.59  0.29  
13.469  94.97812459237862  100.55288230871496  -6.17  -2.83  -0.19  5  0  0  6  3  1  3  17.36  30.31  0.39  
13.494  94.84481245923786  100.5232882308715  -6.11  -2.6  -0.31  5  0  0  6  3  1  3  17.17  29.23  0.39  
13.518  94.7954812459238  100.51132882308715  -5.65  -0.93  -0.27  5  0  0  6  3  1  3  16.97  28.25  0.39  
13.543  94.73654812459239  100.45613288230871  -5.64  -4.82  0.23  5  0  0  6  3  1  4  16.78  27.47  0.39  
13.568  94.64965481245923  100.42361328823087  -5.19  -0.6  -0.17  5  0  0  6  3  1  4  16.48  26.68  0.00  
13.592  94.66796548124593  100.36636132882307  -5.41  -0.84  -0.11  5  0  0  6  2  1  4  16.09  26.00  0.10  
13.617  94.53479654812459  100.2526361328823  -5.07  -1.99  0.56  5  0  0  5  2  1  4  15.70  25.21  0.88  
13.64  94.48547965481247  100.21426361328822  -4.74  -0.37  0.79  5  0  0  5  2  1  4  15.01  24.43  0.88  
13.665  94.48054796548125  100.11142636132882  -4.42  -1.82  0.66  5  0  0  5  2  1  4  14.81  23.94  0.00  
13.689  94.39005479654811  100.05614263613288  -4.23  0.26  0.43  5  0  0  5  2  1  4  14.42  23.45  0.69  
13.714  94.36300547965482  100.05961426361328  -3.83  -1.16  1.21  5  0  0  4  2  1  4  14.03  22.96  0.39  
13.737  94.27030054796549  100.01496142636132  -3.5  -0.99  1.45  5  0  0  4  2  1  4  13.83  22.86  0.00  
13.762  94.25203005479655  100.01049614263613  -3.82  -0.24  1.15  5  0  0  4  2  1  4  13.54  22.46  0.59  
13.787  94.09720300547966  99.9740496142636  -3.6  -0.56  1.69  5  0  0  3  2  1  4  12.95  22.07  0.59  
13.811  94.09972030054796  99.97040496142635  -3.43  -0.36  1.88  4  0  0  3  2  1  4  12.65  21.39  0.78  
13.835  94.0909720300548  99.94304049614263  -2.92  0.73  1.48  4  0  0  2  2  0  4  12.26  21.09  0.88  
13.859  94.08109720300547  99.97630404961426  -3.11  -0.37  1.63  4  0  0  2  2  0  4  11.77  20.70  0.69  
13.884  93.99010972030055  99.92563040496142  -3.03  0.21  1.35  4  0  0  2  2  0  4  11.38  19.91  0.98  
13.907  93.96301097203005  99.92056304049613  -2.95  0.5  1.36  4  0  0  1  2  0  3  11.09  19.42  0.59  
13.932  93.84330109720301  99.97405630404961  -3.15  0.49  1.41  4  0  0  1  2  0  4  10.79  18.84  0.88  
13.957  93.8403301097203  99.94340563040495  -3.05  1.65  1.25  4  0  0  0  2  0  3  10.30  18.05  0.49  
13.98  93.90303301097204  99.9403405630405  -2.71  1.87  1.19  4  0  0  0  2  0  4  10.10  17.46  0.59  
14.005  93.89130330109721  99.94003405630404  -2.76  0.6  1.31  4  0  0  0  2  0  4  9.81  17.07  0.69  
14.029  93.90813033010973  99.94000340563039  -2.75  1.99  1.13  4  0  0  12  2  0  3  9.61  16.68  0.59  
14.053  93.94581303301098  99.94900034056303  -2.37  1.62  1.4  4  0  0  12  2  0  3  9.52  16.38  0.78  
14.077  93.9135813033011  99.9499000340563  -2.44  2.0  1.37  4  0  0  12  2  0  3  9.32  15.99  0.98  
14.101  93.90135813033011  99.94999000340563  -2.93  2.11  1.08  4  0  0  12  2  0  3  9.12  15.89  0.59  
14.126  93.91813581303302  99.95899900034055  -3.14  1.46  1.2  4  0  0  12  2  0  3  8.83  15.70  0.49  
14.15  93.95581358130329  99.97789990003406  -2.99  1.35  1.15  4  0  0  12  2  0  3  8.63  15.50  0.59  
14.174  93.96858135813034  99.96178999000341  -3.01  1.6  0.93  4  0  0  12  2  0  3  8.63  15.40  0.00  
14.198  94.00585813581304  100.00517899900034  -3.0  0.31  1.24  4  0  0  12  2  0  3  8.63  15.21  0.39  
14.223  94.05458581358131  100.04551789990003  -3.05  0.47  1.08  4  0  0  12  2  0  3  8.63  14.91  0.49  
14.246  94.06845858135813  100.03155178999  -3.5  1.63  0.5  4  0  0  12  2  0  3  8.63  14.81  0.78  
14.271  94.09684585813581  100.012155178999  -3.24  0.0  1.07  4  0  0  12  2  0  3  8.73  14.91  0.59  
14.296  94.10868458581358  100.0462155178999  -3.32  1.38  0.82  4  0  0  12  2  0  3  8.73  14.91  0.29  
14.319  94.16386845858136  100.05862155179  -3.56  0.93  1.02  4  0  0  12  2  0  3  8.73  15.11  0.10  
14.344  94.16938684585813  100.050862155179  -3.18  0.78  1.16  4  0  0  12  2  0  3  8.93  15.11  0.39  
14.368  94.15193868458583  100.0500862155179  -3.27  1.1  0.88  4  0  0  12  2  0  3  9.03  15.30  0.78  
14.393  94.10519386845857  100.04100862155178  -3.3  -0.04  1.13  4  0  0  12  2  0  3  9.32  15.70  0.78  
14.416  94.05551938684584  100.07610086215519  -3.52  0.17  0.99  4  0  0  0  2  0  3  9.32  16.09  0.69  
14.441  94.03255193868459  100.06161008621552  -3.41  -0.69  1.02  4  0  0  0  2  0  4  9.52  16.38  0.69  
14.466  94.13825519386847  100.06016100862155  -3.32  1.19  0.79  4  0  0  0  2  0  4  9.61  16.28  0.29  
14.489  94.06782551938686  100.09601610086216  -3.41  1.55  0.83  4  0  0  0  2  0  4  9.71  16.09  0.20  
14.514  94.0607825519387  100.09960161008621  -3.18  -0.72  1.29  4  0  0  0  2  0  4  9.61  15.89  0.39  
14.538  94.06907825519386  100.06396016100862  -3.21  1.73  0.77  4  0  0  0  2  0  4  9.71  15.79  0.00  
14.562  94.02490782551938  100.02439601610087  -3.17  -0.2  1.33  4  0  0  0  2  0  4  9.71  15.60  0.00  
14.586  94.09249078255193  100.06543960161008  -3.08  1.41  0.84  4  0  0  0  2  0  4  9.61  15.89  0.10  
14.611  94.08124907825518  100.06954396016101  -2.71  1.46  1.05  4  0  0  0  2  0  4  9.52  15.89  0.10  
14.635  94.11612490782554  100.0789543960161  -3.02  2.02  0.77  4  0  0  0  2  0  3  9.42  16.09  0.20  
14.659  94.10161249078254  100.06189543960161  -2.91  1.34  0.98  4  0  0  0  2  0  3  9.22  16.19  0.39  
14.683  94.14516124907827  100.07818954396016  -2.63  1.47  1.03  4  0  0  0  2  0  3  9.12  16.09  0.49  
14.707  94.13151612490782  100.09781895439602  -2.86  2.23  0.89  4  0  0  0  2  0  3  9.03  15.89  0.49  
14.732  94.22015161249078  100.0727818954396  -2.81  1.11  1.03  4  0  0  0  2  0  3  8.93  15.99  0.59  
14.755  94.30101516124908  100.08827818954396  -2.73  1.67  1.05  4  0  0  12  2  0  3  8.83  15.89  0.49  
14.78  94.35410151612491  100.0898278189544  -2.82  1.52  1.13  4  0  0  0  2  0  3  8.73  15.99  0.69  
14.804  94.40441015161248  100.10798278189544  -2.74  1.72  1.2  4  0  0  0  2  0  3  8.53  15.99  1.08  
14.828  94.46344101516124  100.08279827818954  -2.72  1.73  1.26  4  0  0  0  2  0  3  8.53  15.99  0.78  
14.853  94.42434410151613  100.03527982781895  -3.13  1.19  1.06  4  0  0  0  2  0  3  8.44  15.99  0.78  
14.877  94.3844344101516  100.05752798278189  -2.85  0.83  1.24  4  0  0  0  2  0  3  8.53  16.19  0.98  
14.901  94.38944344101516  100.0957527982782  -2.97  1.91  1.06  4  0  0  0  2  0  3  8.44  16.28  0.69  
14.925  94.36294434410152  100.09057527982782  -3.01  0.56  1.25  4  0  0  0  2  0  3  8.44  16.38  0.39  
14.949  94.38729443441017  100.06305752798278  -3.0  2.23  0.8  4  0  0  0  2  0  3  8.53  16.48  0.59  
14.973  94.41672944344103  100.11430575279829  -2.89  0.68  0.92  4  0  0  0  2  0  3  8.34  16.58  0.69  
14.998  94.5366729443441  100.16443057527984  -3.18  0.91  1.09  4  0  0  0  2  0  3  8.44  16.58  0.00  
15.022  94.45866729443442  100.16044305752798  -3.04  0.86  0.94  4  0  0  0  2  0  4  8.34  16.68  0.00  
15.046  94.43286672944345  100.1960443057528  -3.18  0.42  0.97  4  0  0  0  2  0  4  8.24  16.58  0.00  
15.07  94.46628667294434  100.15460443057529  -3.11  0.92  0.93  4  0  0  1  2  1  4  8.24  16.68  0.00  
15.094  94.43362866729444  100.21346044305753  -3.23  1.25  0.79  4  0  0  0  2  1  4  8.14  16.68  0.00  
15.119  94.46636286672944  100.23734604430575  -2.99  0.11  1.11  4  0  0  1  2  1  4  8.04  16.78  0.00  
15.142  94.39763628667295  100.22173460443058  -3.16  0.75  0.89  4  0  0  1  2  1  4  8.04  16.68  0.00  
15.167  94.3637636286673  100.14817346044306  -2.89  0.31  1.18  4  0  0  1  2  1  4  8.04  16.78  0.00  
15.192  94.35137636286672  100.19481734604432  -2.98  0.65  0.92  4  0  0  1  2  1  4  7.95  16.78  0.29  
15.215  94.31413763628667  100.19048173460443  -3.06  0.81  1.17  4  0  0  1  2  1  4  7.95  16.87  0.20  
15.24  94.34641376362866  100.19004817346044  -3.22  0.31  1.21  4  0  0  1  2  1  4  7.95  16.87  0.49  
15.263  94.37664137636285  100.17200481734605  -3.24  0.82  1.18  4  0  0  1  2  1  4  7.95  17.07  0.69  
15.288  94.3616641376363  100.18820048173461  -3.16  0.54  1.15  4  0  0  1  2  1  4  8.14  17.07  0.39  
15.312  94.36016641376364  100.20782004817346  -3.21  0.04  1.42  4  0  0  1  2  1  4  8.24  17.27  0.29  
15.336  94.31501664137636  100.20978200481734  -3.37  0.25  1.4  4  0  0  1  2  1  4  8.14  17.27  0.49  
15.361  94.31950166413762  100.22797820048174  -3.34  0.44  1.1  4  0  0  1  2  1  4  8.44  17.46  0.59  
15.385  94.31995016641375  100.22079782004818  -3.53  0.39  0.91  4  0  0  1  2  1  4  8.53  17.46  0.49  
15.409  94.35599501664137  100.15707978200481  -3.38  -0.01  1.34  4  0  0  1  2  1  4  8.63  17.76  0.29  
15.433  94.37759950166412  100.14170797820049  -3.48  0.85  0.88  4  0  0  2  2  1  4  8.83  17.95  0.49  
15.458  94.33475995016641  100.17617079782005  -3.15  0.47  1.28  4  0  0  2  2  1  4  8.93  18.15  0.39  
15.481  94.30347599501664  100.20661707978199  -2.78  0.76  1.5  4  0  0  2  2  1  4  9.12  18.44  0.10  
15.506  94.28234759950166  100.1736617079782  -2.61  1.11  1.31  4  0  0  2  2  1  4  9.12  18.64  0.00  
15.529  94.28023475995016  100.17936617079782  -2.85  0.61  1.41  4  0  0  2  2  1  4  9.03  18.74  0.00  
15.554  94.28002347599502  100.13493661707979  -2.37  1.07  1.01  4  0  0  1  2  1  4  8.93  18.93  0.49  
15.579  94.2800023475995  100.13049366170799  -2.21  0.24  1.5  4  0  0  1  2  1  4  8.83  19.03  0.29  
15.602  94.31600023475994  100.17504936617081  -2.02  1.19  1.28  4  0  0  1  2  0  4  8.83  19.23  0.39  
15.627  94.34660002347599  100.1975049366171  -1.87  1.41  1.45  4  0  0  1  2  0  3  8.63  19.33  0.59  
15.651  94.3406600023476  100.2087504936617  -2.11  1.37  1.48  4  0  0  1  2  0  3  8.63  19.42  0.59  
15.675  94.38506600023476  100.27287504936618  -2.02  1.47  1.05  4  0  0  0  2  0  3  8.53  19.52  0.69  
15.699  94.39850660002348  100.2972875049366  -1.84  2.57  1.2  4  0  0  0  2  0  3  8.34  19.42  0.98  
15.723  94.39085066000236  100.29972875049366  -1.69  1.11  1.59  4  0  0  0  2  0  3  8.14  19.42  0.49  
15.748  94.38108506600022  100.32697287504936  -1.63  1.49  1.43  4  0  0  12  2  0  3  7.85  19.23  0.59  
15.772  94.36210850660002  100.38369728750493  -1.44  2.2  1.44  4  0  0  12  2  0  3  7.75  19.03  0.39  
15.796  94.39621085066001  100.3803697287505  -1.76  2.24  1.42  4  0  0  12  2  0  3  7.65  18.93  0.69  
15.82  94.417621085066  100.46103697287505  -1.83  2.05  1.5  4  0  0  12  2  0  2  7.55  19.03  0.39  
15.845  94.51876210850659  100.52310369728751  -2.54  1.79  1.11  4  0  0  12  2  0  2  7.46  19.13  0.10  
15.869  94.56487621085066  100.56531036972873  -2.76  1.18  1.17  4  0  0  12  2  0  2  7.46  19.13  0.49  
15.893  94.57848762108506  100.63253103697288  -2.78  1.83  1.11  4  0  0  12  2  0  2  7.36  19.23  0.29  
15.918  94.6338487621085  100.63925310369729  -2.84  1.55  1.13  4  0  0  12  2  0  2  7.26  19.13  0.20  
15.942  94.63038487621085  100.64892531036973  -2.38  1.74  1.51  4  0  0  12  2  0  2  7.26  19.13  0.00  
15.966  94.66603848762108  100.63189253103697  -2.27  2.15  1.33  4  0  0  12  1  0  2  7.16  19.03  0.00  
15.99  94.69660384876211  100.61218925310371  -2.27  1.5  1.17  4  0  0  12  1  0  2  6.97  18.84  0.20  
16.015  94.65466038487621  100.65521892531036  -2.36  1.27  1.47  4  0  0  11  1  0  2  6.87  18.84  0.20  
16.039  94.66846603848762  100.64152189253105  -2.89  1.48  1.09  4  0  0  11  1  0  2  6.57  18.64  0.29  
16.063  94.64284660384877  100.64915218925312  -2.79  1.24  0.99  4  0  0  11  1  0  2  6.57  18.74  0.49  
16.088  94.64028466038488  100.6859152189253  -2.47  1.81  1.21  4  0  0  11  1  0  2  6.57  18.74  0.10  
16.112  94.66702846603849  100.72559152189254  -2.31  1.74  1.31  4  0  0  11  1  0  2  6.47  18.54  0.39  
16.136  94.68770284660386  100.73855915218925  -1.56  2.03  1.57  4  0  0  11  1  0  2  6.28  18.44  0.88  
16.16  94.73477028466037  100.73085591521894  -1.06  1.94  1.76  4  0  0  11  1  0  2  6.18  18.34  0.88  
16.185  94.76647702846603  100.74808559152189  -1.27  1.63  1.45  4  0  0  11  1  0  2  5.59  18.05  0.69  
16.209  94.8506477028466  100.74080855915219  -1.93  1.14  1.34  4  0  0  10  1  0  2  5.30  17.66  0.88  
16.233  94.83206477028466  100.76708085591521  -1.91  1.05  1.68  3  0  0  10  1  0  2  5.20  17.17  0.88  
16.258  94.89320647702847  100.78770808559153  -2.38  1.73  1.12  3  0  0  10  1  0  1  5.00  16.87  0.59  
16.282  94.89932064770285  100.82577080855916  -2.31  1.17  1.18  3  0  0  10  1  0  2  4.91  16.68  0.00  
16.306  94.96293206477029  100.86557708085591  -2.44  1.5  1.1  3  0  0  10  1  0  1  4.81  16.38  0.69  
16.33  94.97829320647702  100.8695577080856  -2.56  0.72  1.02  3  0  0  10  1  0  1  4.71  16.28  0.20  
16.355  94.9258293206477  100.85195577080856  -2.56  0.87  1.22  3  0  0  10  1  0  1  4.61  16.09  0.49  
16.378  94.98358293206476  100.93119557708086  -2.63  0.98  1.2  3  0  0  10  1  0  1  4.61  15.99  0.00  
16.403  94.99835829320648  100.98411955770807  -2.69  0.84  1.37  3  0  0  10  1  0  1  4.61  15.89  0.00  
16.428  94.92783582932064  101.0344119557708  -2.78  1.22  1.08  3  0  0  10  1  0  1  4.51  15.70  0.29  
16.452  94.92078358293206  101.06644119557707  -3.1  0.58  1.02  3  0  0  10  1  0  2  4.51  15.79  0.39  
16.476  94.9650783582932  101.14164411955771  -2.82  0.82  1.01  3  0  0  10  1  0  2  4.61  15.60  0.10  
16.5  94.94250783582932  101.21216441195577  -2.86  0.83  0.92  3  0  0  10  1  0  1  4.51  15.50  0.29  
16.525  95.03925078358293  101.20121644119557  -3.08  0.71  1.21  3  0  0  10  1  0  1  4.41  15.50  0.00  
16.548  95.0309250783583  101.14612164411955  -3.1  0.61  1.06  3  0  0  10  1  0  1  4.41  15.60  0.49  
16.573  95.05709250783583  101.14961216441196  -3.05  0.9  0.82  3  0  0  10  1  0  1  4.41  15.40  0.78  
16.598  95.00570925078358  101.1499612164412  -2.97  1.44  0.8  3  0  0  10  1  0  1  4.51  15.30  0.49  
16.622  95.00057092507836  101.12299612164412  -3.12  0.18  1.12  3  0  0  10  1  0  1  4.41  15.21  0.59  
16.646  95.05405709250783  101.17429961216442  -3.07  0.77  1.06  3  0  0  10  1  0  1  4.41  15.30  0.49  
16.67  94.99640570925078  101.19742996121644  -2.98  0.58  1.09  3  0  0  10  1  0  1  4.51  15.30  0.49  
16.695  95.03564057092508  101.22674299612164  -3.18  0.96  0.85  3  0  0  10  1  0  2  4.41  15.11  0.20  
16.718  95.0395640570925  101.21167429961216  -3.41  0.55  0.79  3  0  0  10  1  0  2  4.41  15.11  0.00  
16.743  95.12995640570925  101.25516742996122  -3.21  0.35  0.53  3  0  0  10  1  0  2  4.41  15.01  0.29  
16.768  95.12999564057093  101.24151674299611  -3.2  0.34  0.78  3  0  0  10  1  0  2  4.41  14.91  0.00  
16.791  95.1479995640571  101.24015167429961  -3.29  0.15  1.07  3  0  0  10  1  0  2  4.41  14.91  0.10  
16.816  95.10479995640571  101.26701516742996  -3.21  -0.07  1.05  3  0  0  10  1  0  1  4.32  14.72  0.00  
16.84  95.14547999564057  101.296701516743  -3.07  1.34  0.76  3  0  0  10  1  0  2  4.41  14.62  0.29  
16.865  95.15854799956406  101.28167015167429  -3.0  0.52  0.8  3  0  0  10  1  0  2  4.41  14.62  0.00  
16.888  95.1238547999564  101.22616701516742  -2.91  1.31  0.96  3  0  0  10  1  0  2  4.41  14.62  0.00  
16.913  95.07538547999565  101.23861670151675  -3.08  0.57  1.08  3  0  0  10  1  0  2  4.32  14.62  0.00  
16.937  95.08853854799956  101.23986167015167  -3.41  0.89  0.68  3  0  0  10  1  0  2  4.32  14.62  0.20  
16.961  95.08085385479995  101.23998616701516  -3.21  0.35  0.88  3  0  0  10  1  0  2  4.32  14.52  0.39  
16.986  95.02608538548  101.20399861670151  -3.41  0.69  0.72  3  0  0  10  1  0  2  4.22  14.72  0.29  
17.01  95.065608538548  101.20039986167015  -3.18  1.01  1.06  3  0  0  10  1  0  2  4.22  14.62  0.29  
17.035  94.9975608538548  101.20903998616701  -3.23  0.63  1.17  3  0  0  10  1  0  2  4.22  14.52  0.39  
17.058  95.00875608538547  101.2189039986167  -3.24  0.99  1.08  3  0  0  10  1  0  2  4.32  14.42  0.49  
17.083  95.00087560853855  101.23789039986167  -3.15  1.35  0.88  3  0  0  10  1  0  2  4.32  14.42  0.39  
17.107  94.94608756085385  101.23978903998616  -3.23  0.11  1.17  3  0  0  10  1  0  2  4.22  14.32  0.29  
17.131  94.97660875608538  101.23097890399862  -3.08  1.34  0.97  3  0  0  10  1  0  2  4.22  14.32  0.20  
17.156  94.94366087560853  101.19409789039986  -3.17  0.6  0.99  3  0  0  10  1  0  2  4.22  14.32  0.29  
17.18  94.95836608756085  101.13640978903999  -3.08  0.86  1.08  3  0  0  10  1  0  2  4.22  14.32  0.00  
17.204  94.94183660875608  101.103640978904  -2.7  0.64  1.15  3  0  0  10  1  0  2  4.22  14.32  0.00  
17.228  94.9851836608756  101.1903640978904  -2.77  1.3  1.05  3  0  0  10  1  0  1  4.02  14.32  0.10  
17.253  94.96251836608755  101.21703640978903  -2.9  1.25  1.22  3  0  0  10  1  0  1  4.12  14.32  0.29  
17.276  94.96925183660875  101.21070364097889  -2.85  0.83  1.16  3  0  0  10  1  0  1  3.83  14.32  0.69  
17.301  94.99692518366088  101.21007036409789  -3.05  1.0  0.76  3  0  0  10  1  0  1  3.83  14.22  0.49  
17.325  94.9366925183661  101.22800703640979  -2.98  1.51  1.09  3  0  0  9  1  0  1  3.73  14.32  0.20  
17.349  94.9216692518366  101.22980070364098  -2.92  0.4  1.14  3  0  0  9  1  0  1  3.73  14.22  0.49  
17.373  94.90216692518366  101.2479800703641  -2.83  1.38  1.11  3  0  0  9  1  0  1  3.73  14.32  0.49  
17.397  94.93621669251836  101.2407980070364  -3.13  0.66  1.23  3  0  0  9  1  0  1  3.73  14.32  0.59  
17.421  94.97562166925184  101.20407980070364  -3.01  0.7  1.14  3  0  0  9  1  0  1  3.63  14.22  0.69  
17.445  94.97056216692518  101.17340798007035  -3.07  0.89  0.96  3  0  0  9  1  0  1  3.63  14.42  0.49  
17.469  94.96105621669251  101.19734079800703  -3.21  1.51  0.76  3  0  0  9  1  0  1  3.83  14.52  0.49  
17.494  94.96910562166924  101.18173407980072  -3.32  0.27  1.08  3  0  0  9  1  0  1  3.73  14.52  0.49  
17.517  94.98791056216692  101.19817340798006  -3.34  0.6  0.92  3  0  0  9  1  0  1  3.83  14.62  0.49  
17.542  95.00779105621669  101.163817340798  -3.5  0.27  0.85  3  0  0  9  1  0  1  3.83  14.62  0.69  
17.565  95.00077910562166  101.1963817340798  -3.47  0.63  0.89  3  0  0  9  1  0  1  3.92  14.62  0.59  
17.59  94.99107791056217  101.15463817340799  -3.5  1.05  0.94  3  0  0  10  1  0  1  4.02  14.72  0.59  
17.613  94.98110779105622  101.1954638173408  -3.28  0.44  0.9  3  0  0  10  1  0  1  4.02  14.72  1.47  
17.638  94.93511077910563  101.21754638173408  -3.37  0.33  0.91  3  0  0  10  1  0  1  4.12  14.72  1.28  
17.662  94.91251107791055  101.21975463817341  -3.33  0.73  0.85  3  0  0  10  1  0  1  4.12  14.72  0.10  
17.687  94.92825110779107  101.23797546381734  -3.55  0.81  0.81  3  0  0  10  1  0  1  4.22  14.81  0.20  
17.711  94.96582511077911  101.22179754638174  -3.54  0.88  0.85  3  0  0  10  1  0  1  4.22  14.91  0.00  
17.735  94.9875825110779  101.22917975463817  -3.31  0.61  0.93  3  0  0  10  1  0  2  4.32  15.01  0.00  
17.76  95.01675825110779  101.18491797546383  -3.28  0.57  0.96  3  0  0  10  1  0  2  4.41  15.01  0.10  
17.783  95.06467582511078  101.16249179754638  -3.31  0.86  0.92  3  0  0  10  1  0  2  4.41  15.11  0.10  
17.808  94.99746758251108  101.15124917975464  -3.32  0.63  0.88  3  0  0  10  1  0  2  4.41  15.11  0.10  
17.832  94.9457467582511  101.15012491797548  -3.31  0.74  0.93  3  0  0  10  1  0  2  4.51  15.21  0.10  
17.857  94.9855746758251  101.15001249179755  -3.3  0.82  0.85  3  0  0  10  1  0  2  4.41  15.21  0.29  
17.881  95.0255574675825  101.11400124917975  -3.24  0.16  1.02  3  0  0  10  1  0  2  4.41  15.21  0.39  
17.905  95.00255574675825  101.14640012491799  -3.09  1.34  0.88  3  0  0  10  1  0  2  4.41  15.21  0.29  
17.93  94.96425557467582  101.1316400124918  -3.24  0.6  0.94  3  0  0  10  1  0  2  4.51  15.30  0.59  
17.953  94.97842555746757  101.13916400124917  -3.31  0.73  0.82  3  0  0  10  1  0  2  4.51  15.30  0.49  
17.978  94.97984255574676  101.2029164001249  -3.4  0.69  0.89  3  0  0  10  1  0  2  4.51  15.21  0.49  
18.002  94.97998425557468  101.2182916400125  -3.29  0.9  1.02  3  0  0  10  1  0  2  4.51  15.30  0.29  
18.026  94.97999842555747  101.20182916400125  -3.29  0.67  1.09  3  0  0  10  1  0  2  4.51  15.30  0.59  
18.051  94.98899984255574  101.20018291640012  -3.36  0.87  0.92  3  0  0  10  1  0  2  4.61  15.30  0.59  
18.075  95.05289998425557  101.21801829164  -3.29  0.86  0.76  3  0  0  10  1  0  2  4.51  15.30  0.49  
18.1  95.05928999842556  101.210801829164  -3.2  0.58  0.89  3  0  0  10  1  0  2  4.51  15.30  0.49  
18.123  95.04192899984255  101.2460801829164  -3.4  0.37  0.95  3  0  0  10  1  0  2  4.51  15.21  0.00  
18.148  95.02219289998425  101.23160801829164  -3.24  0.89  0.78  3  0  0  10  1  0  2  4.71  15.21  0.10  
18.172  95.01121928999842  101.21216080182916  -3.18  0.9  0.81  3  0  0  10  1  0  2  4.61  15.11  0.00  
18.196  94.94712192899983  101.21021608018292  -3.21  0.79  1.02  3  0  0  10  1  0  2  4.61  15.21  0.00  
18.221  94.98571219289998  101.2730216080183  -3.24  0.57  0.76  3  0  0  10  1  0  2  4.61  15.11  0.20  
18.245  95.01657121929  101.25230216080183  -3.19  0.97  0.94  3  0  0  10  1  0  2  4.51  15.21  0.20  
18.269  95.046657121929  101.21423021608018  -3.08  0.82  1.07  3  0  0  10  1  0  2  4.51  15.21  0.10  
18.293  95.0496657121929  101.21042302160802  -3.32  1.19  0.86  3  0  0  10  1  0  2  4.51  15.21  0.49  
18.318  95.04996657121929  101.2370423021608  -3.44  0.79  0.76  3  0  0  10  1  0  2  4.61  15.21  0.49  
18.342  95.02299665712192  101.25770423021608  -3.48  0.65  0.82  3  0  0  10  1  0  2  4.51  15.30  0.49  
18.366  95.05629966571219  101.2237704230216  -3.24  1.15  0.89  3  0  0  10  1  0  2  4.61  15.30  0.69  
18.391  95.00562996657122  101.24737704230216  -3.39  1.25  0.89  3  0  0  10  1  0  2  4.61  15.40  0.49  
18.415  94.99156299665712  101.27673770423021  -3.24  0.66  0.89  3  0  0  10  1  0  2  4.71  15.30  0.20  
18.439  95.04415629966572  101.31567377042302  -3.4  1.05  0.95  3  0  0  10  1  0  2  4.71  15.50  0.29  
18.463  95.03141562996657  101.2925673770423  -3.26  0.43  1.18  3  0  0  10  1  0  2  4.81  15.50  0.39  
18.488  95.03914156299666  101.26325673770422  -3.06  0.67  1.18  3  0  0  10  1  0  2  4.71  15.50  0.39  
18.512  95.01291415629967  101.24232567377042  -3.35  0.75  1.05  3  0  0  10  1  0  2  4.71  15.60  0.49  
18.536  95.01029141562996  101.21323256737703  -3.11  0.7  1.09  3  0  0  10  1  0  2  4.71  15.70  0.29  
18.561  95.028029141563  101.2013232567377  -3.31  0.91  0.96  3  0  0  10  1  0  2  4.71  15.70  0.00  
18.585  95.02080291415629  101.13713232567376  -3.27  0.51  1.07  3  0  0  10  1  0  2  4.71  15.70  0.00  
18.609  95.03808029141562  101.11271323256737  -3.22  0.62  0.95  3  0  0  10  1  0  2  4.71  15.60  0.00  
18.633  95.03980802914157  101.09227132325674  -3.27  0.61  0.69  3  0  0  10  1  0  2  4.61  15.79  0.00  
18.658  95.05798080291416  101.13522713232567  -3.48  -0.06  0.79  3  0  0  10  1  0  2  4.61  15.60  0.29  
18.682  95.05979808029142  101.17552271323258  -3.31  0.6  0.81  3  0  0  10  1  0  2  4.71  15.50  0.29  
18.706  94.98797980802914  101.17055227132326  -3.28  0.52  0.85  3  0  0  10  1  0  2  4.61  15.40  0.29  
18.731  95.0437979808029  101.16105522713232  -3.26  0.41  0.92  3  0  0  10  1  0  2  4.71  15.30  0.20  
18.755  95.0583797980803  101.16010552271322  -3.09  1.23  0.86  3  0  0  10  1  0  2  4.71  15.30  0.20  
18.779  95.07783797980804  101.16901055227132  -3.17  0.31  0.98  3  0  0  10  1  0  2  4.61  15.11  0.69  
18.803  95.08878379798081  101.16990105522713  -3.27  0.97  0.81  3  0  0  10  1  0  2  4.61  14.91  0.59  
18.828  95.05387837979808  101.1609901055227  -3.27  0.4  1.05  3  0  0  10  1  0  2  4.61  14.81  0.69  
18.852  95.03238783797981  101.15109901055229  -3.13  0.7  0.94  3  0  0  10  1  0  2  4.61  14.91  0.39  
18.876  95.00323878379798  101.13210990105523  -3.24  1.03  0.95  3  0  0  10  1  0  2  4.71  14.91  0.49  
18.9  95.01832387837979  101.13921099010551  -3.27  0.66  0.86  3  0  0  10  1  0  2  4.71  14.91  0.59  
18.925  95.03783238783798  101.17592109901057  -2.98  0.92  0.9  3  0  0  10  1  0  2  4.61  14.91  0.49  
18.949  94.9767832387838  101.20659210990105  -3.3  0.31  0.9  3  0  0  10  1  0  2  4.61  14.81  0.10  
18.973  94.97967832387837  101.2096592109901  -3.3  0.46  0.95  3  0  0  10  1  0  2  4.51  14.81  0.20  
18.998  94.90796783238784  101.20996592109901  -2.93  1.44  1.24  3  0  0  10  1  0  2  4.41  14.81  0.29  
19.021  94.92779678323879  101.1649965921099  -3.27  0.46  1.27  3  0  0  10  1  0  2  4.61  14.72  0.39  
19.046  94.94777967832388  101.124499659211  -3.22  1.42  0.76  3  0  0  10  1  0  2  4.41  14.72  0.20  
