0.417  58.17  72.61  -0.17  -2.43  1.95  0  0  0  0  0  0  0  0.00  0.00  0.00  
0.441  64.38  80.458  -2.47  -3.14  1.81  0  0  0  0  0  0  0  0.00  0.00  0.00  
0.464  70.401  88.0108  -4.25  -0.91  2.58  0  0  0  0  0  0  0  0.00  0.00  0.39  
0.488  75.6471  94.41808  -4.33  2.01  2.62  0  0  0  0  0  0  0  0.00  0.00  0.78  
0.512  80.13171  100.026808  -3.73  0.69  2.92  0  0  0  0  0  0  0  0.00  0.10  0.98  
0.535  83.937171  104.9076808  -4.28  -0.98  2.82  0  0  0  0  0  0  0  0.00  0.00  0.49  
0.559  87.0717171  109.04076807999999  -4.7  -0.05  2.29  0  0  0  0  0  0  0  0.00  0.00  0.00  
0.582  89.77017171  112.48707680800001  -5.1  0.95  2.55  0  0  0  0  0  0  0  0.00  0.20  0.20  
0.606  92.173017171  115.4057076808  -5.08  0.4  3.12  0  0  0  0  0  0  0  0.00  0.20  0.88  
0.629  94.2853017171  117.86657076808001  -4.92  -0.92  3.51  0  0  0  0  0  0  0  0.00  0.20  1.08  
0.653  95.97253017170999  119.840657076808  -6.53  -0.26  3.98  0  0  0  0  0  0  0  0.00  0.29  0.88  
0.677  97.365253017171  121.2440657076808  -8.67  1.79  4.11  0  0  0  0  0  0  0  0.00  2.35  0.20  
0.7  98.6925253017171  122.41040657076807  -8.31  1.11  3.32  0  0  0  0  0  0  0  0.00  3.14  0.00  
0.723  99.8242525301717  123.40004065707681  -9.27  1.0  2.76  0  0  0  0  0  0  0  0.00  2.75  0.39  
0.747  100.81942525301717  124.26400406570768  -10.89  1.62  3.07  0  0  0  0  0  0  0  0.00  1.18  1.08  
0.772  101.57594252530171  125.06140040657077  -10.73  3.33  3.4  0  0  0  0  0  0  0  0.00  1.28  1.08  
0.795  102.26359425253018  125.69914004065707  -9.64  3.26  3.19  0  0  0  0  0  0  0  0.00  0.88  0.29  
0.819  102.88135942525301  126.27591400406571  -9.71  2.5  2.85  0  0  0  0  0  0  0  0.00  0.00  0.00  
0.842  103.2851359425253  126.72059140040658  -9.73  3.95  2.27  0  0  0  0  0  0  0  0.00  0.00  0.39  
0.866  103.73051359425253  127.19705914004066  -9.11  4.82  2.5  0  0  0  0  0  0  0  0.00  0.00  0.59  
0.889  104.01805135942524  127.69470591400407  -7.41  4.46  2.11  0  0  0  0  0  0  0  0.00  0.00  1.18  
0.913  104.10980513594254  128.2574705914004  -5.44  3.06  1.47  0  0  0  0  0  0  0  0.00  0.00  1.08  
0.936  103.95698051359426  128.71874705914004  -5.18  2.76  0.27  0  0  0  0  0  0  0  0.00  0.00  0.29  
0.96  103.77969805135942  129.106874705914  -5.42  1.89  0.47  0  0  0  0  0  0  0  0.00  0.00  0.00  
0.984  103.77996980513595  129.4786874705914  -4.47  -0.44  -0.48  0  0  0  0  0  0  0  0.00  0.00  0.29  
1.008  103.5819969805136  129.73186874705914  -4.18  -2.53  -1.16  0  0  0  0  0  0  0  0.00  0.00  0.98  
1.032  103.47219969805136  129.84718687470593  -4.62  -3.54  -1.61  0  0  0  0  0  0  0  0.00  0.00  0.98  
1.055  103.51521996980513  129.8767186874706  -4.4  -4.19  -1.47  0  0  0  0  0  0  0  0.00  0.00  0.29  
1.079  103.77152199698051  129.75367186874706  -4.46  -4.29  -0.69  0  0  0  0  0  0  0  0.00  0.88  0.49  
1.102  104.15715219969805  129.59736718687472  -4.85  -3.34  0.5  0  0  0  0  0  0  0  0.00  1.67  0.39  
1.127  104.3217152199698  129.40173671868746  -6.02  -1.48  1.07  0  0  0  0  0  0  0  0.00  2.75  0.00  
1.15  104.56317152199698  129.20217367186876  -8.46  0.63  2.61  0  0  0  0  0  0  0  0.00  2.84  0.00  
1.174  104.8933171521997  128.8672173671869  -8.12  2.18  2.76  0  0  0  0  0  0  0  0.00  2.84  0.00  
1.198  105.09733171521997  128.5547217367187  -8.11  1.95  2.23  0  0  0  0  0  0  0  0.00  2.65  0.49  
1.221  105.02773317152199  128.26247217367185  -10.34  1.8  1.68  0  0  0  0  0  0  0  0.00  2.65  0.78  
1.245  104.98477331715219  128.11624721736717  -11.95  3.4  1.4  0  0  0  0  0  0  0  0.00  2.65  0.20  
1.268  104.97147733171522  128.11962472173673  -11.02  3.44  1.37  0  0  0  0  0  0  0  0.00  2.65  0.00  
1.292  105.01514773317152  128.18296247217367  -10.06  1.84  1.71  0  0  0  0  0  0  0  0.00  2.55  0.00  
1.316  104.92951477331715  128.21629624721737  -9.29  0.5  1.23  0  0  0  0  0  0  0  0.00  2.26  0.29  
1.34  104.7319514773317  128.30962962472174  -9.16  0.75  0.74  0  0  0  0  0  0  0  0.00  2.06  0.78  
1.363  104.56819514773316  128.39996296247216  -8.9  1.95  -0.02  0  0  0  0  0  0  0  0.00  2.26  0.69  
1.387  104.66881951477332  128.43599629624723  -6.82  0.99  -0.05  0  0  0  0  0  0  0  0.00  2.16  0.10  
1.411  104.68788195147734  128.35859962962473  -5.46  0.53  0.64  0  0  0  0  0  0  0  0.00  2.06  0.00  
1.434  104.66278819514773  128.36885996296246  -5.44  0.72  1.83  0  0  0  0  0  0  0  0.00  2.16  0.00  
1.458  104.51627881951477  128.22588599629626  -6.0  2.22  2.86  0  0  0  0  0  0  0  0.00  1.86  0.59  
1.481  104.41162788195149  127.99558859962963  -4.74  2.27  1.87  0  0  0  0  0  0  0  0.00  1.67  0.88  
1.505  104.32916278819513  127.79255885996295  -5.18  0.13  1.52  0  0  0  0  0  0  0  0.00  1.57  0.59  
1.528  104.1499162788195  127.6282558859963  -6.85  -1.0  1.54  0  0  0  0  0  0  0  0.00  1.37  0.00  
1.552  104.05999162788194  127.62982558859963  -7.28  -0.14  1.65  0  0  0  0  0  0  0  0.00  1.18  0.00  
1.576  104.02399916278819  127.62998255885996  -7.32  -0.5  2.76  0  0  0  0  0  0  0  0.00  0.88  0.29  
1.6  104.0653999162788  127.59399825588599  -7.75  -1.11  3.24  0  0  0  0  0  0  0  0.00  0.88  0.69  
1.624  103.87153999162788  127.5993998255886  -6.54  -0.87  1.94  0  0  0  0  0  0  0  0.00  0.88  0.78  
1.647  103.50115399916278  127.64493998255887  -6.66  -1.48  0.68  0  0  0  0  0  0  0  0.00  0.88  0.20  
1.671  103.08611539991628  127.23549399825589  -7.79  -1.63  0.39  0  0  0  0  0  0  0  0.00  2.26  0.00  
1.694  102.97261153999163  126.61854939982558  -9.09  -1.49  -0.33  0  0  0  0  0  0  0  0.00  2.16  0.00  
1.719  102.71826115399917  125.72885493998255  -11.85  -2.41  -0.4  0  0  0  0  0  0  0  0.00  0.00  0.29  
1.742  102.58482611539992  124.73988549399826  -17.17  -2.64  1.49  0  0  0  0  0  0  0  0.00  0.10  0.69  
1.766  102.43648261153999  123.74998854939982  -22.95  -3.34  3.54  0  0  0  0  0  0  0  0.00  0.00  0.88  
1.789  102.349648261154  122.63399885493997  -29.95  -4.07  6.67  0  0  0  0  0  0  0  0.00  0.00  0.29  
1.814  102.1429648261154  121.478399885494  -34.14  -1.26  9.09  0  0  0  0  0  0  0  0.00  0.69  0.00  
1.838  102.09529648261153  120.7058399885494  -28.58  -2.05  7.76  0  0  0  0  0  0  0  0.00  0.49  0.10  
1.861  102.24352964826116  120.23258399885495  -26.91  -5.5  8.87  0  0  0  0  0  0  0  0.00  2.26  0.78  
1.885  102.25835296482612  119.62725839988549  -31.08  -8.08  11.53  0  0  0  0  0  0  0  0.00  2.26  1.08  
1.909  102.18783529648262  118.78372583998855  -34.69  -7.8  10.71  0  0  0  0  0  0  0  0.00  2.16  0.78  
1.933  102.08178352964826  117.76337258399886  -40.63  -8.12  8.76  0  0  0  0  0  0  0  0.00  2.06  0.10  
1.956  102.07117835296482  116.38333725839988  -47.51  -5.15  5.89  0  0  0  0  0  0  0  0.00  2.06  0.00  
1.98  102.21411783529649  114.84133372583999  -53.03  -4.77  1.22  0  0  0  0  0  0  0  0.00  2.06  0.10  
2.004  102.69641178352965  113.499133372584  -59.14  -3.92  0.54  0  0  0  0  0  0  0  0.00  1.96  0.69  
2.028  103.22164117835297  112.2759133372584  -63.44  -2.63  3.86  0  0  0  0  0  0  0  0.00  1.96  0.78  
2.052  103.8411641178353  111.03759133372584  -67.92  0.4  8.71  0  0  0  0  0  0  0  0.00  2.06  0.29  
2.075  104.35311641178352  109.81575913337258  -72.34  3.47  14.57  0  0  0  0  0  0  0  0.00  1.77  0.00  
2.1  104.81831164117835  108.89257591333725  -79.76  5.91  20.22  0  0  0  0  0  0  0  0.00  1.86  0.00  
2.123  104.99983116411784  108.37725759133372  -89.12  8.02  24.47  0  0  0  0  0  0  0  0.00  1.86  0.49  
2.147  105.00898311641178  107.79472575913337  -93.53  7.98  24.3  0  0  0  0  0  0  0  0.00  1.77  0.88  
2.17  104.84789831164117  106.99847257591333  -98.66  6.56  20.37  0  0  0  0  0  0  0  0.00  1.77  0.88  
2.195  104.67878983116412  106.20784725759134  -97.62  3.62  14.97  0  0  0  0  0  0  0  0.00  1.86  0.49  
2.219  104.37387898311641  105.55278472575914  -91.35  1.36  11.12  0  0  0  0  0  0  0  0.00  1.96  0.00  
2.242  103.70438789831164  104.76727847257591  -84.24  1.78  8.05  0  0  0  0  0  0  0  0.00  1.47  0.29  
2.266  103.14243878983117  103.5097278472576  -77.26  4.18  3.1  0  0  0  0  0  0  0  0.10  1.37  0.78  
2.289  102.81624387898313  101.85397278472576  -70.37  2.24  -1.36  0  0  0  0  0  0  0  0.00  1.37  0.69  
2.314  102.71162438789833  100.16739727847258  -66.0  -5.54  -2.73  0  0  0  0  0  0  0  0.00  1.28  0.29  
2.337  102.42216243878983  98.51373972784725  -62.24  -10.2  -0.88  0  0  0  0  0  0  0  0.10  1.57  0.00  
2.361  102.36621624387898  96.80037397278473  -56.24  -14.51  0.67  0  0  0  0  0  0  0  0.10  1.57  0.00  
2.384  102.1266216243879  95.26103739727847  -49.44  -10.94  1.35  0  0  0  0  0  0  0  0.00  1.96  0.00  
2.409  101.90466216243878  93.48710373972786  -49.02  -10.23  -3.51  0  0  0  0  0  0  0  0.10  5.89  0.20  
2.433  107.12946621624387  84.90371037397279  49.31  -146.36  -30.67  0  0  0  1  0  0  0  0.49  6.08  3.24  
2.457  106.14894662162439  89.43637103739728  125.65  -87.19  -90.16  0  0  0  1  0  0  0  3.14  26.00  0.00  
2.481  104.24189466216245  92.29263710373974  156.9  -57.33  -45.26  0  0  0  2  0  0  0  2.06  96.04  0.00  
2.505  87.07718946621625  108.49026371037398  14.9  250.14  -38.05  0  0  0  2  0  0  0  2.26  17.85  1.96  
2.53  86.00871894662163  108.66102637103741  -2.79  -128.92  -2.7  0  0  0  2  0  0  0  1.47  54.74  0.69  
2.553  85.62287189466217  105.69010263710373  -24.34  -25.08  -15.0  0  0  0  1  0  0  0  1.77  1.96  0.00  
2.578  87.15928718946621  103.03501026371036  -12.59  -7.66  -11.87  0  0  0  2  0  0  0  2.16  5.69  0.00  
2.603  87.94292871894662  100.78950102637104  6.44  22.08  -9.38  0  0  0  2  0  0  0  2.16  10.30  1.67  
2.626  90.71229287189465  100.3849501026371  -4.08  37.68  4.6  0  0  0  3  0  0  1  2.45  7.55  1.67  
2.651  90.92622928718947  99.98449501026371  -5.4  -7.11  6.02  0  1  0  3  0  0  1  2.75  5.40  0.00  
2.674  90.86662292871895  98.95444950102637  -8.63  -9.0  -1.34  1  1  0  3  0  0  1  3.43  3.63  0.00  
2.699  91.6256622928719  98.11344495010263  -7.31  -1.18  -0.53  1  1  0  4  0  0  2  4.12  5.30  0.00  
2.722  92.4665662292872  97.30034449501025  -6.24  4.76  3.94  1  1  0  4  0  0  2  4.51  2.65  2.26  
2.747  93.08165662292873  96.65203444950102  -5.18  8.9  5.27  1  1  0  4  0  0  2  4.91  0.10  0.00  
2.77  93.62916566229288  96.15520344495009  -4.2  10.29  5.22  2  1  0  4  0  0  2  5.20  1.28  0.00  
2.794  94.19691656622929  95.77252034449502  -3.41  10.58  7.43  2  2  0  5  0  0  2  5.30  2.94  0.00  
2.819  94.63169165662293  95.4822520344495  -3.28  9.61  8.56  2  2  0  5  0  0  3  5.30  7.26  0.00  
2.842  94.9901691656623  95.21022520344495  -3.05  9.79  8.84  1  2  0  5  0  0  3  5.30  10.99  0.00  
2.867  95.40401691656623  94.92202252034448  -2.54  10.63  9.03  1  2  0  5  0  0  3  5.10  3.53  0.00  
2.89  95.81440169165663  94.70420225203445  -1.93  10.87  8.45  1  2  0  4  0  0  3  4.91  2.06  0.49  
2.915  96.28744016916566  94.55642022520345  -2.44  9.68  8.15  1  2  0  4  0  0  3  4.91  0.00  0.00  
2.938  96.53274401691658  94.47864202252035  -3.02  7.15  6.8  1  2  0  4  0  0  3  4.81  0.00  0.10  
2.963  96.80927440169167  94.32686420225204  -3.53  5.18  5.15  1  2  0  4  0  0  3  4.81  0.00  0.59  
2.987  97.07992744016917  94.19468642022522  -3.42  3.26  4.05  1  2  0  4  0  0  4  4.91  0.00  0.20  
3.011  97.28699274401693  94.09146864202252  -3.56  1.63  2.73  2  2  0  5  0  0  4  4.81  0.00  0.00  
3.035  97.44269927440169  94.00914686420225  -3.37  0.5  1.31  2  2  0  5  0  0  4  4.91  0.00  0.00  
3.059  97.60226992744018  93.92891468642023  -3.57  -0.66  0.24  2  2  0  5  0  0  4  4.81  0.00  0.00  
3.083  97.60922699274403  93.80389146864202  -3.55  -1.46  -1.02  2  2  0  5  0  0  4  4.91  0.00  0.39  
3.107  97.67292269927441  93.7373891468642  -3.24  -1.79  -1.76  2  2  0  5  0  0  4  4.91  0.00  0.29  
3.132  97.76929226992745  93.64973891468641  -2.99  -1.4  -1.84  2  2  0  5  0  0  3  4.81  0.00  0.49  
3.155  97.76092922699274  93.59597389146865  -2.45  -1.29  -0.81  2  2  0  5  0  0  3  4.71  0.00  0.49  
3.18  97.82309292269927  93.61759738914688  -1.97  -0.07  0.42  2  2  0  4  0  0  3  4.51  0.00  1.57  
3.204  97.80230929226992  93.60175973891468  -1.31  1.24  1.12  1  2  0  4  0  0  3  4.22  0.00  2.06  
3.228  97.84523092922699  93.60917597389147  -0.91  1.73  2.29  1  2  0  4  0  0  2  3.92  0.00  0.39  
3.252  97.8495230929227  93.69091759738915  -1.26  2.73  2.78  1  2  0  4  0  0  2  3.63  0.00  0.88  
3.276  97.86795230929228  93.7170917597389  -1.2  3.11  3.54  1  1  0  4  0  0  2  3.24  0.00  0.49  
3.3  97.95079523092923  93.77370917597389  -1.25  3.76  4.2  1  1  0  3  0  0  2  3.04  0.00  0.98  
3.323  98.08507952309292  93.82437091759739  -1.2  4.35  4.73  1  1  0  3  0  0  2  2.84  0.00  0.49  
3.348  98.1885079523093  93.83843709175974  -1.13  4.58  5.47  1  1  0  3  0  0  2  2.65  0.00  0.29  
3.372  98.34285079523093  93.86684370917598  -1.47  5.35  5.56  1  1  0  3  0  0  1  2.45  0.00  0.29  
3.395  98.3672850795231  93.9416843709176  -1.56  4.88  5.53  0  1  0  3  0  0  1  2.16  0.00  0.00  
3.42  98.4507285079523  93.95816843709176  -2.12  5.57  5.29  0  1  0  3  0  0  1  2.16  0.00  0.00  
3.443  98.61207285079523  93.95981684370916  -2.39  5.55  4.84  0  1  0  3  0  0  1  2.06  0.00  1.08  
3.467  98.65520728507951  94.0409816843709  -2.68  4.99  4.59  0  1  0  2  0  0  1  2.06  0.00  0.20  
3.49  98.78552072850795  94.0310981684371  -2.72  4.98  4.44  0  1  0  2  0  0  1  1.96  0.00  0.10  
3.515  98.8255520728508  94.03010981684372  -2.89  4.92  4.37  0  1  0  2  0  0  1  1.86  0.00  0.00  
3.538  98.90155520728509  94.03001098168438  -2.74  4.53  4.24  0  1  0  2  0  0  1  1.96  0.00  0.88  
3.562  99.01715552072852  94.03900109816844  -2.9  4.5  4.5  0  1  0  2  0  0  1  1.96  0.00  1.08  
3.586  99.08271555207287  94.04890010981684  -2.94  4.66  3.98  0  1  0  2  0  0  1  1.96  0.00  0.49  
3.61  99.18827155520728  94.0318900109817  -2.93  4.77  3.85  0  1  0  2  0  0  1  1.77  0.10  0.69  
3.634  99.24382715552073  94.04818900109817  -2.9  4.11  3.61  0  1  0  2  0  0  1  1.77  0.00  0.00  
3.657  99.33938271555206  94.09481890010981  -2.94  4.01  3.6  0  1  0  2  0  0  1  1.86  0.78  0.20  
3.681  99.4299382715552  94.09048189001099  -2.79  3.6  3.06  0  1  0  2  0  0  1  1.86  1.28  0.20  
3.705  99.56499382715552  94.0720481890011  -3.19  3.69  2.65  0  1  0  2  0  0  1  1.86  1.86  0.39  
3.729  99.56949938271555  94.08820481890012  -3.18  2.69  2.56  0  1  0  2  0  0  1  1.86  3.63  0.20  
3.752  99.66894993827155  94.05382048189  -3.02  2.27  2.44  0  1  0  2  0  0  1  1.77  5.40  0.78  
3.776  99.76889499382716  94.02338204818899  -3.05  1.83  1.95  0  1  0  2  0  0  1  1.77  6.87  0.59  
3.801  99.80588949938272  93.9843382048189  -3.09  1.99  1.82  0  1  0  2  0  0  1  1.77  8.04  0.00  
3.824  99.89058894993828  93.97143382048189  -2.96  1.28  1.69  0  1  0  2  0  0  1  1.77  6.18  0.49  
3.848  99.94405889499382  93.98814338204818  -2.92  1.15  1.38  0  1  0  2  0  0  1  1.77  6.28  0.88  
3.871  100.00340588949938  93.97181433820482  -3.04  1.03  1.38  0  1  0  2  0  0  1  1.77  6.08  0.29  
3.896  99.99134058894994  93.96118143382047  -3.01  1.24  1.46  0  1  0  2  0  0  1  1.77  5.98  0.49  
3.919  99.990134058895  94.01411814338203  -2.79  0.1  1.19  0  1  0  2  0  0  1  1.77  5.79  0.20  
3.943  100.0350134058895  93.98341181433821  -2.82  -0.5  1.36  0  1  0  2  0  0  1  1.57  5.49  0.49  
3.968  100.04850134058896  93.93534118143383  -2.53  0.17  1.47  0  0  0  2  0  0  1  1.57  5.59  0.59  
3.991  100.0408501340589  93.93953411814338  -2.76  0.24  1.04  0  0  0  2  0  0  1  1.47  5.30  1.47  
4.015  100.04008501340589  93.93095341181434  -2.4  0.79  1.59  0  0  0  2  0  0  1  1.47  5.10  1.28  
4.039  100.04900850134058  93.93009534118144  -2.88  1.96  1.08  0  0  0  2  0  0  1  1.37  4.22  1.28  
4.063  100.04090085013405  93.94800953411814  -2.67  2.51  1.33  0  0  0  2  0  0  1  1.28  2.55  3.14  
4.087  100.1210900850134  93.94980095341182  -2.43  1.91  1.98  0  0  0  2  0  0  0  1.18  2.16  2.35  
4.111  100.12910900850135  93.94098009534119  -2.8  2.89  1.92  0  0  0  2  0  0  0  1.18  2.26  0.69  
4.134  100.15691090085014  93.93109800953413  -2.58  3.56  1.94  0  0  0  1  0  0  0  1.18  3.14  1.08  
4.159  100.30369109008501  93.96610980095342  -2.56  3.27  2.16  0  0  0  1  0  0  0  1.08  2.35  0.00  
4.183  100.3543691090085  93.93361098009535  -2.69  3.84  2.41  0  0  0  1  0  0  0  0.88  1.18  0.00  
4.206  100.44043691090084  94.00236109800954  -2.6  3.75  2.71  0  0  0  1  0  0  0  0.88  0.69  0.39  
4.23  100.47604369109008  94.06323610980095  -2.96  5.11  2.37  0  0  0  1  0  0  0  0.98  0.29  0.29  
4.253  100.36260436910901  94.0333236109801  -2.6  8.44  2.34  0  0  0  1  0  0  0  0.98  0.00  0.20  
4.278  100.38726043691089  94.05733236109802  -3.07  10.18  1.26  0  0  0  1  0  0  0  0.98  0.29  3.43  
4.301  100.4257260436911  94.0957332361098  -1.81  9.0  1.15  0  0  0  1  0  0  0  0.88  0.00  1.57  
4.325  100.5825726043691  94.10857332361098  -1.62  8.37  0.47  0  0  0  1  0  0  0  0.98  0.00  8.24  
4.348  100.96725726043691  94.14585733236112  -1.57  4.97  0.31  0  0  0  1  0  0  0  0.88  0.00  10.69  
4.373  101.23072572604369  94.17658573323612  -0.9  3.29  1.8  0  0  0  1  0  0  0  0.69  0.00  0.00  
4.397  101.28407257260437  94.15265857332362  -0.39  5.55  1.17  0  0  0  1  0  0  0  0.69  2.06  0.00  
4.42  101.34340725726044  94.20426585733236  0.08  3.21  -3.11  0  0  0  1  0  0  0  0.59  2.75  0.00  
4.444  101.38534072572605  94.24542658573324  -0.27  1.85  -6.91  0  0  0  1  0  0  0  0.59  0.20  6.67  
4.468  101.5245340725726  94.30354265857332  0.84  0.68  -8.26  0  0  0  0  0  0  0  0.49  0.00  0.00  
4.492  101.66445340725727  94.46235426585734  1.13  -0.83  -8.48  0  0  0  0  0  0  0  0.39  0.00  0.00  
4.515  101.73244534072573  94.41523542658572  4.32  -0.07  -6.53  0  0  0  0  0  0  0  0.49  0.00  0.00  
4.539  101.40624453407257  94.50952354265857  9.96  -0.32  -4.93  0  0  0  0  0  0  0  0.49  0.00  0.39  
4.562  101.50862445340725  95.21195235426586  11.85  -4.08  -2.89  0  0  0  0  0  0  0  0.49  0.00  0.59  
4.587  101.80686244534073  96.0831952354266  9.18  -13.55  1.76  0  0  0  0  0  0  0  0.29  0.00  0.00  
4.611  101.69268624453409  96.26931952354266  9.68  -13.05  4.71  0  0  0  0  0  0  0  0.20  0.00  0.00  
4.634  101.2222686244534  96.34193195235427  7.9  -10.46  3.91  0  0  0  0  0  0  0  0.29  0.00  0.98  
4.658  100.97722686244535  96.27719319523543  4.14  -9.19  0.76  0  0  0  0  0  0  0  0.49  0.00  1.37  
4.681  100.94372268624454  95.99171931952353  -3.21  -8.59  -3.47  0  0  0  0  0  0  0  0.69  0.00  1.57  
4.706  101.03937226862445  96.13417193195237  -7.11  -11.82  -7.6  0  0  0  0  0  0  0  0.98  0.00  1.96  
4.729  100.84193722686244  96.02241719319524  -10.03  -15.34  -9.63  0  0  0  0  0  0  0  1.28  0.00  1.96  
4.753  100.61519372268624  95.84924171931952  -9.47  -17.89  -12.57  0  0  0  0  0  0  0  1.47  0.00  1.86  
4.777  100.26851937226863  95.76892417193196  -10.34  -20.27  -12.56  0  0  0  1  0  0  0  1.67  0.00  2.06  
4.802  99.87385193722686  95.8688924171932  -9.71  -19.58  -13.08  0  0  0  1  0  0  0  1.57  0.00  0.98  
4.826  99.45638519372268  95.98688924171933  -8.66  -20.53  -12.02  1  0  0  1  0  0  0  1.37  0.00  0.49  
4.85  98.73963851937226  95.90868892417194  -7.75  -12.23  -12.8  1  1  0  1  0  0  0  0.98  0.00  0.00  
4.874  98.22696385193723  95.9728688924172  -5.65  -5.34  -9.06  1  1  0  1  0  0  0  0.69  0.00  0.00  
4.897  97.88769638519372  95.92528688924172  -4.36  -0.4  -6.64  1  1  0  1  0  0  0  0.59  0.00  0.00  
4.922  97.65576963851937  95.93852868892418  -3.79  2.87  -3.41  1  1  0  1  0  0  0  0.69  0.00  0.00  
4.945  97.47057696385193  95.83185286889241  -2.35  3.19  -1.83  1  1  0  1  0  0  0  0.69  0.00  0.00  
4.969  97.3620576963852  95.95618528688925  -1.55  4.47  -0.1  1  1  0  1  0  0  0  0.69  0.00  0.00  
4.993  97.38720576963851  96.04961852868894  -0.87  4.26  0.1  1  1  0  1  0  0  0  0.69  0.00  0.59  
5.017  97.38072057696385  96.3109618528689  -3.08  4.73  -0.38  1  1  0  1  0  0  0  0.59  0.00  1.18  
5.041  97.33507205769638  96.09409618528689  -2.06  4.08  -0.02  1  1  0  1  0  0  0  0.59  0.00  0.88  
5.064  97.35750720576964  95.91040961852869  0.08  2.54  -1.67  1  1  0  1  0  0  0  0.69  0.00  0.00  
5.088  97.58475072057696  95.70304096185288  3.22  -2.77  -3.89  0  1  0  1  0  0  0  0.69  3.73  0.00  
5.111  97.7064750720577  95.97030409618529  3.78  -4.23  -5.28  0  0  0  1  0  0  0  0.59  8.24  0.00  
5.136  97.65564750720577  96.39303040961853  2.36  -3.15  -4.84  0  0  0  1  0  0  0  0.49  9.12  0.59  
5.159  97.33556475072056  96.39030304096185  3.0  -2.52  -4.11  0  0  0  1  0  0  0  0.49  0.98  2.94  
5.183  97.18655647507205  96.49803030409619  1.35  -0.16  -3.42  0  0  0  0  0  0  0  0.39  2.65  1.28  
5.207  97.27065564750721  96.38280303040962  6.47  1.33  -3.11  0  0  0  0  0  0  0  0.39  1.96  0.29  
5.23  97.08106556475072  96.65928030304096  9.4  0.45  -1.54  0  0  0  0  0  0  0  0.49  4.12  0.00  
5.254  96.84610655647506  97.1909280303041  6.1  6.08  0.79  0  0  0  0  0  0  0  0.39  4.61  0.10  
5.277  97.0926106556475  97.32509280303042  8.79  5.02  0.92  0  0  0  0  0  0  0  0.29  4.91  0.20  
5.301  97.08126106556475  97.93250928030304  5.68  6.16  1.87  0  0  0  0  0  0  0  0.20  3.14  0.00  
5.324  96.94512610655649  98.0832509280303  2.92  10.24  2.54  0  0  0  0  0  0  0  0.29  6.67  0.00  
5.348  97.00351261065566  98.69232509280303  -2.2  12.18  4.43  0  0  0  0  0  0  0  0.29  7.36  0.00  
5.371  97.23435126106557  98.71723250928031  -5.96  15.8  6.59  0  0  0  0  0  0  0  0.29  1.77  0.59  
5.395  97.81543512610655  98.66572325092802  -4.45  17.56  5.68  0  0  0  0  0  0  0  0.29  3.34  1.77  
5.42  98.13454351261066  98.3815723250928  -4.66  9.21  4.78  0  0  0  0  0  0  0  0.39  4.91  2.16  
5.443  98.38245435126106  98.41615723250928  -2.07  7.11  3.37  0  0  0  0  0  0  0  0.39  0.00  1.28  
5.467  98.5152454351261  98.70761572325092  -5.9  8.82  3.74  0  0  0  1  0  0  0  0.49  0.00  0.00  
5.49  98.86152454351262  99.3307615723251  -17.43  10.49  5.55  0  0  0  1  0  0  0  0.49  0.00  0.10  
5.514  99.20215245435126  99.3480761572325  -20.62  11.19  4.5  0  0  0  1  0  0  0  0.59  4.61  1.08  
5.537  98.97521524543512  97.98180761572324  -9.77  5.25  3.73  0  0  0  2  0  0  0  0.88  1.67  1.67  
5.561  98.91652152454351  97.73718076157232  -3.15  0.69  2.33  0  0  0  2  0  0  0  0.98  0.00  0.88  
5.584  98.91965215245435  97.80271807615725  -3.46  -0.6  2.28  0  0  0  2  0  0  0  0.98  0.00  0.69  
5.609  99.36096521524543  98.72727180761572  -18.04  1.2  -0.87  0  0  0  2  0  0  0  0.88  0.00  0.78  
5.633  99.88209652152455  98.16272718076156  -31.46  -6.82  -5.89  1  1  0  3  0  0  0  1.08  0.00  0.98  
5.656  99.24120965215245  97.12527271807616  -14.96  -1.38  1.28  2  1  0  4  0  0  0  3.73  0.00  0.00  
5.681  99.19512096521524  96.55352727180761  -8.88  -2.69  2.05  2  2  0  4  0  0  0  5.79  0.00  0.00  
5.704  99.18151209652154  96.36135272718076  -7.5  0.6  3.28  3  2  0  4  0  0  0  6.57  0.00  0.00  
5.728  99.37815120965216  96.63913527271808  -15.5  -2.09  -0.95  3  2  0  4  0  0  0  7.26  0.00  0.00  
5.752  99.4338151209652  96.3879135272718  -7.67  1.63  6.35  3  2  0  4  0  0  0  7.75  0.00  8.44  
5.776  99.48438151209652  96.16479135272718  -6.41  0.24  6.61  3  2  0  5  0  0  1  8.14  0.00  0.00  
5.799  99.63343815120965  96.0074791352727  -5.81  3.66  5.42  2  2  0  5  0  0  1  7.85  0.00  0.00  
5.824  99.67534381512097  95.89274791352727  -4.99  1.76  4.46  2  2  0  5  0  0  1  7.65  0.00  0.00  
5.848  99.7425343815121  95.80927479135272  -7.98  -0.07  2.85  3  2  0  5  0  1  1  7.65  0.00  0.00  
5.872  99.9202534381512  95.72892747913527  -9.08  -0.96  3.22  3  2  0  5  0  1  2  8.14  0.00  0.00  
5.896  99.90202534381513  95.66689274791352  -8.36  0.44  3.76  3  2  0  5  0  1  2  8.73  0.00  0.00  
5.92  99.72020253438151  95.41768927479134  -7.4  1.44  6.44  3  3  0  5  0  1  2  9.52  0.00  0.00  
5.944  99.70202025343815  95.23076892747912  -7.62  1.13  5.95  3  3  0  5  0  2  2  9.91  0.00  0.00  
5.968  99.74520202534381  95.05007689274791  -6.24  2.43  6.32  3  3  0  5  0  2  3  10.50  0.00  0.00  
5.992  99.74052020253437  94.97800768927479  -7.71  0.98  6.18  3  3  0  5  0  2  3  10.89  0.00  0.00  
6.017  99.97405202025344  94.87180076892747  -8.54  -0.78  5.68  4  3  0  6  0  2  3  11.77  0.00  0.00  
6.041  99.90740520202536  94.70818007689275  -9.19  0.32  6.6  4  3  0  6  0  2  3  12.36  0.00  0.00  
6.065  99.85574052020253  94.67381800768928  -8.59  1.33  6.7  4  3  0  6  0  3  4  13.05  0.00  0.00  
6.089  99.88657405202025  94.59838180076892  -9.89  3.34  8.44  4  3  0  6  0  3  4  13.93  0.00  0.00  
6.113  99.75465740520201  94.4108381800769  -8.81  2.92  7.54  4  3  0  6  0  3  4  14.72  0.00  0.00  
6.137  99.7234657405202  94.32008381800769  -7.72  5.0  7.23  5  4  0  7  0  3  5  15.40  0.00  0.00  
6.161  99.62134657405201  94.15800838180077  -6.74  3.35  6.6  5  4  0  7  0  3  5  16.09  0.00  0.00  
6.185  99.6561346574052  94.06080083818007  -6.64  3.73  5.64  5  4  0  7  0  3  5  16.97  0.00  0.00  
6.209  99.61461346574052  93.90708008381802  -6.01  1.3  5.01  5  4  0  7  0  3  5  17.56  0.39  0.00  
6.234  99.56546134657405  93.75670800838179  -6.05  2.03  4.09  5  4  0  7  0  3  6  18.25  0.59  0.00  
6.258  99.6145461346574  93.64267080083818  -5.54  3.57  3.36  5  4  0  7  0  3  6  18.54  0.98  0.00  
6.282  99.75445461346573  93.55926708008381  -5.24  3.05  4.31  5  4  0  8  0  3  6  18.93  1.28  0.00  
6.306  99.87644546134656  93.55092670800838  -5.05  3.34  4.18  5  4  0  8  0  4  6  19.13  1.47  0.20  
6.33  99.95164454613464  93.45109267080085  -5.08  4.26  3.74  5  4  0  8  0  4  6  19.23  1.77  0.00  
6.354  100.05816445461346  93.36010926708008  -4.89  2.63  2.89  5  4  0  8  0  4  7  19.62  1.96  0.00  
6.379  100.07781644546135  93.25201092670801  -3.92  2.28  2.25  5  4  0  8  0  4  7  19.72  2.26  0.20  
6.403  100.14278164454613  93.1512010926708  -3.16  1.16  1.37  5  4  0  8  0  4  7  19.72  2.45  0.00  
6.427  100.19427816445462  93.13212010926708  -2.63  0.52  0.91  5  4  0  8  0  4  7  19.62  2.45  0.39  
6.452  100.22642781644547  93.13921201092671  -3.79  -0.08  0.75  5  4  0  8  0  4  7  19.33  2.35  0.39  
6.475  100.13064278164455  93.08592120109267  -4.26  -0.2  0.63  5  4  0  8  0  4  7  19.23  2.26  0.39  
6.5  100.13906427816445  92.93659212010927  -3.63  -0.52  0.04  5  4  0  8  0  4  7  19.33  2.26  0.29  
6.524  100.13090642781646  92.85865921201092  -2.96  -0.82  -0.7  5  4  0  8  0  4  7  19.13  2.16  0.39  
6.549  100.05809064278165  92.85086592120109  -2.96  -0.7  -1.92  5  4  0  8  0  4  7  18.74  2.06  0.59  
6.573  100.06880906427817  92.86808659212012  -4.02  -1.29  -2.83  5  4  0  8  0  4  7  18.54  1.67  0.39  
6.597  100.08788090642781  92.90580865921201  -4.8  -0.17  -2.92  6  4  0  8  0  4  7  18.54  1.47  0.39  
6.622  100.16178809064279  92.9185808659212  -5.21  -0.33  -2.24  6  4  0  8  0  4  7  18.74  1.28  0.49  
6.646  100.08817880906427  92.86585808659211  -5.15  -0.77  -1.78  6  4  0  8  0  4  7  19.13  1.37  0.20  
6.671  100.01781788090642  92.87858580865921  -4.76  -0.49  -1.26  6  5  0  8  0  4  7  19.33  1.47  0.10  
6.695  99.97478178809064  92.85285858086591  -5.07  -0.19  -0.94  6  5  0  8  0  4  7  19.52  1.57  0.20  
6.719  99.94347817880906  92.8592858580866  -5.2  0.18  -0.12  6  5  0  8  0  4  7  19.72  1.67  0.10  
6.744  99.9133478178809  92.83292858580866  -5.4  -0.15  0.29  6  5  0  9  0  5  7  20.01  1.86  0.00  
6.768  99.94633478178808  92.80329285858086  -5.06  0.26  0.97  6  5  0  9  0  5  7  20.40  2.16  0.00  
6.792  100.00363347817881  92.74632928585808  -5.06  0.44  1.02  6  5  0  9  0  5  8  20.90  2.45  0.00  
6.816  100.02736334781788  92.66863292858581  -5.5  0.48  0.42  7  5  0  9  0  5  8  21.19  2.65  0.00  
6.841  100.07473633478179  92.58886329285858  -5.66  0.8  0.5  7  5  0  9  0  5  8  21.68  2.84  0.10  
6.864  100.00747363347818  92.52688632928586  -4.77  1.58  0.89  7  5  0  9  0  6  8  22.07  3.04  0.20  
6.889  99.98274736334781  92.51168863292858  -4.15  2.41  0.83  7  5  0  9  0  6  8  22.56  3.24  0.20  
6.913  100.11527473633478  92.47416886329286  -4.0  3.28  1.05  7  5  0  9  0  6  8  22.66  3.53  0.49  
6.937  100.12852747363348  92.47941688632929  -3.78  2.43  2.36  7  6  0  10  0  6  8  23.05  3.63  0.39  
6.962  100.14785274736334  92.43494168863293  -3.44  2.52  2.2  8  6  0  10  0  6  8  23.05  3.63  0.49  
6.986  100.10478527473634  92.46649416886329  -3.57  1.74  1.49  8  6  0  10  0  6  8  23.05  3.73  0.29  
7.01  100.07347852747364  92.47864941688633  -4.31  0.94  0.73  8  6  0  10  0  6  9  22.96  3.73  0.39  
7.034  100.12434785274736  92.48886494168863  -5.14  0.55  1.5  8  6  0  10  0  6  9  23.05  3.92  0.59  
7.059  100.12943478527474  92.49888649416886  -5.34  0.66  2.27  8  6  0  10  0  6  9  23.35  4.02  0.39  
7.084  100.19294347852748  92.41888864941689  -5.44  0.6  2.36  8  6  0  10  0  6  9  23.74  4.41  0.00  
7.107  100.14529434785275  92.39288886494168  -5.38  0.27  1.92  8  6  0  10  0  6  9  24.23  4.61  0.00  
7.132  100.08652943478528  92.35428888649416  -5.38  0.36  1.31  8  6  0  10  0  6  9  24.62  4.91  0.00  
7.156  100.07165294347853  92.29642888864942  -5.04  0.7  1.19  8  6  0  10  0  7  9  24.92  5.10  0.00  
7.181  100.06116529434786  92.24564288886494  -5.15  0.75  1.07  8  6  0  10  0  7  9  25.31  5.30  0.00  
7.204  100.1321165294348  92.14156428888649  -3.92  2.69  2.4  8  6  0  10  0  7  9  25.60  5.40  0.10  
7.229  100.10321165294349  92.08615642888864  -3.41  2.51  2.76  8  6  0  10  0  7  9  25.80  5.40  0.20  
7.254  100.15432116529435  92.06261564288886  -2.44  3.19  3.72  8  6  0  10  0  7  9  25.60  5.40  0.20  
7.278  100.19543211652945  92.03326156428888  -2.32  3.32  3.66  8  6  0  10  0  7  9  25.11  5.30  0.29  
7.302  100.24454321165295  92.03032615642888  -2.43  2.92  4.41  8  6  0  10  0  7  9  24.72  5.20  0.59  
7.326  100.2314543211653  92.02103261564288  -2.6  2.55  3.9  8  6  0  10  0  7  9  24.33  5.10  0.69  
7.351  100.22114543211654  92.02010326156429  -2.36  2.5  3.36  8  6  0  10  0  7  9  23.94  5.10  0.69  
7.375  100.17511454321166  92.01101032615644  -1.98  2.38  2.18  8  6  0  10  0  6  9  23.64  5.00  0.59  
7.399  100.18851145432117  92.00110103261564  -2.37  2.05  1.13  8  6  0  10  0  6  9  23.35  4.81  0.78  
7.424  100.21685114543212  92.03611010326158  -1.75  1.49  0.39  8  6  0  10  0  6  9  22.86  4.71  0.49  
7.448  100.21968511454321  92.09361101032616  -2.63  1.21  -0.03  8  6  0  10  0  6  9  22.46  4.51  0.69  
7.473  100.20196851145433  92.12636110103261  -2.67  0.69  -0.03  8  6  0  10  0  6  9  22.17  4.22  0.78  
7.496  100.35319685114544  92.11163611010326  -2.81  0.29  0.32  8  6  0  10  0  6  9  21.97  4.02  0.29  
7.521  100.39531968511456  92.12816361101032  -2.91  -0.08  1.08  8  6  0  10  0  6  9  21.97  3.92  0.39  
7.545  100.39953196851147  92.13881636110104  -3.07  0.17  1.27  8  6  0  10  0  6  9  21.78  3.83  0.49  
7.57  100.40895319685114  92.1578816361101  -3.57  0.04  1.11  8  6  0  10  0  6  9  21.68  3.63  0.49  
7.595  100.37389531968512  92.19578816361101  -3.58  0.11  1.21  8  6  0  10  0  6  9  21.58  3.73  0.39  
7.618  100.37938953196851  92.1905788163611  -3.26  -0.02  0.97  8  6  0  10  0  6  9  21.58  3.63  0.29  
7.643  100.35293895319685  92.2350578816361  -3.4  0.31  0.49  8  6  0  10  0  6  9  21.58  3.63  0.29  
7.667  100.3412938953197  92.2125057881636  -3.11  -0.37  0.91  8  6  0  10  0  6  9  21.58  3.63  0.49  
7.692  100.35812938953197  92.16525057881636  -3.93  -0.63  0.85  8  6  0  10  0  6  9  21.58  3.43  0.39  
7.716  100.3778129389532  92.10652505788164  -4.16  -0.99  1.31  8  6  0  10  0  6  9  21.68  3.53  0.49  
7.74  100.42478129389534  92.04665250578817  -3.7  -1.27  1.41  8  6  0  10  0  6  9  21.78  3.63  0.39  
7.764  100.37547812938955  91.99566525057881  -3.59  -1.06  1.08  8  6  0  10  0  6  9  21.88  3.63  0.29  
7.789  100.30754781293895  91.97256652505787  -3.34  -0.76  0.76  8  6  0  10  0  6  9  21.97  3.53  0.29  
7.814  100.2107547812939  91.94325665250578  -3.05  -0.49  0.63  8  6  0  10  0  6  9  21.97  3.63  0.49  
7.838  100.21007547812938  91.93132566525058  -3.4  -0.75  0.35  8  6  0  10  0  6  9  21.97  3.43  0.20  
7.863  100.13800754781295  91.94813256652506  -3.5  -0.92  0.16  8  6  0  10  0  6  9  21.78  3.43  0.20  
7.886  100.0678007547813  91.93181325665252  -3.34  -0.98  -0.19  8  6  0  10  0  6  9  21.88  3.53  0.29  
7.911  100.07878007547814  91.95718132566525  -3.45  -0.97  -0.37  8  6  0  10  0  6  9  21.88  3.53  0.10  
7.936  100.06187800754782  91.95071813256654  -3.33  -1.11  -0.76  8  6  0  10  0  6  9  21.88  3.53  0.00  
7.96  100.02418780075479  91.99507181325664  -3.25  -0.85  -1.2  8  6  0  10  0  6  9  21.88  3.53  0.00  
7.985  99.96641878007547  92.00850718132567  -3.59  -0.71  -1.21  8  6  0  10  0  6  9  21.88  3.92  0.29  
8.009  99.92464187800755  92.00085071813257  -3.33  -0.82  -1.05  8  6  0  10  0  6  9  21.88  3.73  0.49  
8.034  99.83946418780074  91.98208507181326  -3.47  -0.56  -0.71  8  6  0  10  0  6  9  21.97  4.02  0.49  
8.058  99.78594641878007  91.97120850718132  -3.29  -1.0  -0.48  8  6  0  10  0  6  9  21.97  4.02  0.49  
8.082  99.78959464187801  91.94312085071812  -3.27  -1.08  -0.84  8  6  0  10  0  6  9  21.88  3.73  0.39  
8.107  99.7089594641878  91.99431208507181  -3.35  -1.12  -1.1  8  6  0  11  0  6  9  21.88  3.63  0.39  
8.131  99.65589594641878  92.02643120850718  -3.45  -0.97  -1.63  8  6  0  11  0  6  9  21.88  3.34  0.59  
8.156  99.64158959464189  92.0206431208507  -3.6  -1.09  -1.41  8  6  0  11  0  6  9  21.78  3.34  0.69  
8.18  99.55915895946418  92.05606431208507  -3.6  -0.69  -0.67  8  6  0  11  0  6  9  21.97  3.04  0.39  
8.205  99.51491589594643  92.05060643120851  -3.63  -0.87  -0.17  8  6  0  11  0  6  9  21.97  2.55  0.10  
8.228  99.42949158959465  92.00506064312084  -3.68  -1.15  -0.11  8  6  0  11  0  6  9  22.07  1.57  0.29  
8.253  99.29494915895947  92.01850606431208  -3.83  -0.6  -0.17  8  6  0  11  0  6  9  22.17  1.28  0.29  
8.278  99.29949491589595  91.9928506064312  -3.32  -0.21  0.24  8  6  0  11  0  6  9  22.17  1.28  0.00  
8.302  99.3089494915896  91.96328506064312  -3.29  0.47  0.44  8  6  0  11  0  6  9  22.37  1.08  0.29  
8.326  99.33689494915896  91.9873285060643  -3.07  0.96  0.66  8  6  0  11  0  6  9  22.27  1.28  0.29  
8.35  99.3036894949159  92.00773285060644  -2.8  0.44  0.54  8  6  0  11  0  6  9  22.27  1.47  0.69  
8.375  99.3003689494916  91.99177328506065  -2.91  0.64  0.65  8  6  0  11  0  6  8  22.07  1.47  0.49  
8.398  99.25503689494916  91.99917732850606  -2.77  0.83  0.95  8  6  0  11  0  6  8  21.97  1.37  0.59  
8.423  99.29550368949492  92.00891773285062  -2.82  1.37  0.66  8  6  0  11  0  6  8  21.68  1.28  0.49  
8.448  99.2905503689495  92.02789177328506  -2.98  2.01  0.63  8  6  0  11  0  6  8  21.39  1.18  0.49  
8.471  99.27205503689495  92.0297891773285  -2.73  2.02  1.02  8  6  0  11  0  6  8  21.29  1.18  0.49  
8.496  99.2972055036895  92.09297891773285  -2.7  1.86  1.41  8  6  0  11  0  6  8  21.09  1.18  0.49  
8.52  99.32672055036895  92.09029789177328  -2.65  1.92  1.23  8  6  0  11  0  6  8  20.99  1.18  0.69  
8.544  99.3116720550369  92.10802978917732  -2.95  2.18  1.16  8  6  0  11  0  6  8  20.90  1.18  0.59  
8.568  99.37316720550368  92.11880297891773  -3.21  1.92  1.31  8  6  0  11  0  6  8  20.90  1.18  0.49  
8.593  99.44231672055038  92.13788029789177  -3.16  1.53  1.61  8  6  0  11  0  6  8  20.80  1.18  0.59  
8.616  99.48523167205504  92.11278802978917  -3.14  1.2  1.73  8  6  0  11  0  6  8  20.70  1.18  0.00  
8.641  99.51652316720549  92.11027880297891  -2.89  1.34  1.85  8  6  0  11  0  6  8  20.60  1.18  0.00  
8.666  99.46565231672054  92.1460278802979  -2.56  1.62  1.6  8  6  0  11  0  6  8  20.50  1.18  0.10  
8.689  99.40656523167206  92.1676027880298  -2.51  1.87  1.34  8  6  0  11  0  6  8  20.40  1.28  0.49  
8.714  99.4096565231672  92.17876027880298  -3.01  1.6  0.66  8  6  0  11  0  6  8  20.21  1.18  0.59  
8.738  99.44596565231673  92.1978760278803  -3.06  1.31  0.63  8  6  0  11  0  6  8  20.11  1.18  0.49  
8.762  99.48559656523167  92.19978760278804  -3.15  0.93  0.75  8  6  0  11  0  6  8  20.11  1.28  0.10  
8.786  99.48055965652318  92.25397876027881  -3.09  0.79  0.18  8  6  0  11  0  6  8  20.01  1.18  0.39  
8.811  99.44405596565231  92.26839787602788  -3.1  1.18  0.21  8  6  0  11  0  6  8  20.11  1.18  0.39  
8.835  99.42240559656524  92.25183978760279  -3.24  1.57  0.24  8  6  0  11  0  6  8  20.11  1.18  0.39  
8.859  99.50124055965654  92.23218397876028  -3.22  1.3  0.74  8  6  0  11  0  5  8  20.21  1.18  0.69  
8.884  99.51812405596564  92.23921839787602  -2.96  1.17  0.7  8  6  0  11  0  5  8  20.21  1.18  0.59  
8.907  99.57381240559656  92.2579218397876  -2.97  0.95  0.4  8  6  0  11  0  5  8  20.31  1.08  0.39  
8.932  99.54338124055967  92.25979218397876  -3.27  0.88  0.97  8  6  0  11  0  5  8  20.21  1.18  0.59  
8.956  99.53133812405596  92.25997921839789  -3.18  0.93  0.69  8  6  0  11  0  5  8  20.31  1.18  0.59  
8.98  99.5211338124056  92.29599792183978  -3.2  1.0  0.47  8  6  0  11  0  5  8  20.21  1.18  0.69  
9.005  99.49311338124056  92.28159979218398  -3.31  0.92  0.37  8  6  0  11  0  5  8  20.40  1.28  0.49  
9.029  99.44531133812404  92.2351599792184  -3.31  0.85  0.49  8  6  0  11  0  5  8  20.50  1.18  0.49  
9.053  99.44953113381241  92.23051599792184  -3.39  0.87  0.35  8  6  0  11  0  5  8  20.50  1.18  0.49  
9.077  99.52195311338124  92.19405159979219  -3.2  0.88  0.08  8  6  0  11  0  5  8  20.40  1.18  0.39  
9.102  99.52019531133811  92.20840515997921  -3.42  1.04  -0.14  8  6  0  11  0  5  8  20.40  1.18  0.20  
9.125  99.45701953113382  92.25484051599793  -3.36  0.92  -0.01  8  6  0  11  0  5  8  20.40  1.08  0.29  
9.15  99.5317019531134  92.2324840515998  -3.22  0.97  0.05  8  6  0  11  0  5  8  20.40  1.28  0.39  
9.175  99.56617019531134  92.29324840515997  -3.14  0.58  0.84  8  6  0  11  0  5  8  20.50  1.18  0.49  
9.198  99.56061701953114  92.326324840516  -3.27  0.53  0.44  8  6  0  11  0  5  8  20.50  1.08  0.20  
9.223  99.54206170195312  92.32963248405159  -3.37  0.26  0.6  8  6  0  11  0  5  8  20.31  1.18  0.29  
9.247  99.54020617019532  92.35696324840515  -3.21  0.44  0.79  8  6  0  11  0  5  8  20.60  1.08  0.29  
9.272  99.54002061701954  92.36869632484053  -3.31  0.86  0.82  8  6  0  11  0  5  8  20.60  1.18  0.39  
9.295  99.53100206170195  92.34286963248405  -3.36  0.71  1.02  8  6  0  11  0  5  8  20.60  1.28  0.49  
9.32  99.53010020617019  92.3312869632484  -3.06  0.74  1.01  8  6  0  11  0  5  8  20.60  1.08  0.39  
9.344  99.53901002061703  92.33012869632483  -3.19  0.62  0.95  8  6  0  11  0  5  8  20.70  1.18  0.29  
9.368  99.5759010020617  92.2940128696325  -3.36  0.55  0.92  8  6  0  11  0  5  8  20.60  1.08  0.59  
9.393  99.48059010020617  92.29040128696326  -3.63  0.73  0.73  8  6  0  11  0  6  8  20.70  1.08  0.39  
9.416  99.45305901002062  92.22704012869633  -3.35  0.44  0.56  8  6  0  11  0  6  8  20.80  1.18  0.59  
9.441  99.43230590100207  92.25670401286963  -3.29  0.89  1.01  8  6  0  11  0  6  8  20.90  1.18  0.49  
9.465  99.42123059010021  92.24167040128695  -3.3  1.05  1.12  8  6  0  11  0  6  8  20.99  1.28  0.39  
9.489  99.45612305901001  92.21316704012868  -3.23  0.91  1.19  8  6  0  11  0  6  8  20.99  1.18  0.20  
9.513  99.45961230590099  92.20131670401287  -3.41  0.71  1.59  8  6  0  11  0  6  8  20.90  1.28  0.29  
9.538  99.4689612305901  92.20013167040129  -3.44  1.03  1.5  8  6  0  11  0  6  8  20.90  1.37  0.20  
9.562  99.496896123059  92.16401316704012  -3.34  0.79  1.21  8  6  0  11  0  6  8  20.90  1.37  0.10  
9.586  99.4456896123059  92.15140131670401  -3.54  0.88  1.15  8  6  0  11  0  6  8  20.99  1.37  0.10  
9.611  99.46756896123058  92.1411401316704  -3.35  0.86  1.24  8  6  0  11  0  6  8  20.99  1.37  0.39  
9.634  99.50575689612307  92.14011401316704  -3.22  0.89  0.94  8  6  0  11  0  6  8  21.09  1.47  0.39  
9.659  99.4735756896123  92.1850114013167  -2.98  0.92  0.79  8  6  0  11  0  6  8  20.99  1.47  0.39  
9.683  99.47935756896123  92.25250114013167  -3.23  0.97  0.9  8  6  0  11  0  6  8  20.99  1.47  0.39  
9.707  99.51593575689611  92.23225011401317  -3.33  1.0  0.77  8  6  0  11  0  6  8  20.99  1.47  0.39  
9.732  99.52859357568961  92.2122250114013  -3.28  1.13  1.11  8  6  0  11  0  6  8  20.90  1.47  0.39  
9.756  99.54785935756895  92.22822250114014  -3.24  0.95  0.87  8  6  0  11  0  6  8  20.80  1.47  0.69  
9.78  99.57678593575689  92.18482225011401  -2.98  1.03  0.92  8  6  0  11  0  6  8  20.80  1.47  0.49  
9.804  99.6156785935757  92.1534822250114  -3.06  1.27  0.69  8  6  0  11  0  6  8  20.80  1.47  0.29  
9.829  99.54756785935759  92.15034822250114  -3.24  0.65  0.52  8  6  0  11  0  6  8  20.99  1.47  0.59  
9.852  99.54075678593577  92.1590348222501  -3.26  0.46  0.96  8  6  0  11  0  6  8  20.99  1.47  0.69  
9.877  99.47707567859356  92.12390348222502  -2.95  1.14  1.55  8  6  0  11  0  6  8  20.90  1.47  0.59  
9.902  99.56070756785935  92.1113903482225  -2.47  1.55  2.25  8  6  0  11  0  6  8  20.70  1.37  0.59  
9.926  99.50607075678593  92.16413903482226  -2.31  2.05  2.31  8  6  0  11  0  6  8  20.50  1.28  0.59  
9.95  99.5366070756786  92.18741390348222  -2.34  1.74  1.74  8  6  0  11  0  6  8  20.31  1.37  0.39  
9.974  99.53966070756788  92.22574139034822  -3.29  1.1  1.15  8  6  0  11  0  6  8  20.01  1.37  0.39  
9.998  99.53096607075679  92.26557413903481  -3.4  0.42  0.94  8  6  0  11  0  6  8  20.11  1.47  0.00  
10.022  99.53909660707569  92.24255741390347  -3.64  0.0  0.87  8  6  0  11  0  6  8  20.31  1.47  0.00  
10.047  99.53090966070756  92.21325574139033  -3.41  0.26  0.59  8  6  0  11  0  6  8  20.50  1.67  0.20  
10.072  99.54809096607076  92.20132557413903  -3.76  -0.11  0.64  8  6  0  11  0  6  8  20.80  1.67  0.20  
10.095  99.49580909660708  92.17313255741391  -3.34  0.11  0.6  8  6  0  11  0  6  8  20.90  1.67  0.39  
10.12  99.4635809096607  92.16131325574139  -3.43  0.02  0.36  8  6  0  11  0  6  8  20.90  1.77  0.29  
10.144  99.40635809096608  92.17813132557414  -3.49  -0.07  0.15  8  6  0  11  0  6  8  20.99  1.67  0.29  
10.169  99.42763580909661  92.21581313255741  -3.44  -0.02  0.2  8  6  0  11  0  6  8  21.09  1.67  0.29  
10.193  99.42976358090966  92.21058131325573  -3.57  -0.47  0.6  8  6  0  11  0  6  8  21.09  1.67  0.39  
10.217  99.45697635809096  92.19205813132558  -3.31  -0.21  1.2  8  6  0  11  0  6  8  21.19  1.67  0.39  
10.242  99.41469763580909  92.19020581313256  -2.92  -0.75  1.48  8  6  0  11  0  6  8  21.19  1.57  0.49  
10.266  99.41946976358092  92.24402058131326  -3.21  -0.88  1.8  8  6  0  11  0  6  8  21.09  1.47  0.39  
10.291  99.41094697635808  92.24940205813132  -3.38  -1.38  1.62  8  6  0  11  0  6  8  20.90  1.37  0.20  
10.315  99.34709469763581  92.29494020581312  -3.2  -1.23  1.48  8  6  0  11  0  6  8  20.50  1.18  0.29  
10.34  99.33170946976358  92.2994940205813  -3.62  -1.76  1.64  8  6  0  11  0  6  8  20.31  0.98  0.00  
10.363  99.23117094697636  92.31794940205812  -3.44  -1.73  2.11  8  6  0  11  0  6  8  20.11  0.88  0.00  
10.388  99.22111709469763  92.30179494020581  -3.4  -1.04  1.73  8  6  0  11  0  6  8  20.01  0.69  0.00  
10.413  99.22011170946976  92.25517949402058  -3.18  -1.01  1.53  8  6  0  11  0  6  8  19.91  0.49  0.20  
10.437  99.14801117094697  92.23251794940207  -3.53  -0.9  1.02  8  6  0  11  0  6  8  20.01  0.49  0.10  
10.462  99.14980111709471  92.1852517949402  -3.54  -1.07  1.01  8  6  0  11  0  6  8  20.01  0.49  0.10  
10.486  99.12298011170948  92.16252517949403  -3.55  -1.13  0.73  8  6  0  11  0  6  8  20.11  0.39  0.10  
10.51  99.06629801117096  92.1062525179494  -3.05  -1.19  0.67  8  6  0  11  0  6  8  20.11  0.20  0.20  
10.534  98.99762980111709  92.12762525179494  -3.13  -1.02  0.28  8  6  0  11  0  6  8  19.91  0.10  0.39  
10.559  98.90076298011171  92.10276252517949  -3.26  -1.08  -0.38  8  6  0  11  0  6  8  20.01  0.00  0.49  
10.584  98.84607629801117  92.06427625251794  -3.34  -0.89  -0.54  8  6  0  11  0  6  8  20.01  0.00  0.49  
10.608  98.80460762980111  92.05142762525179  -3.37  -0.41  -0.77  8  6  0  11  0  6  8  20.11  0.00  0.49  
10.633  98.78246076298011  92.09514276252517  -3.29  -0.29  -0.63  8  6  0  11  0  6  8  20.21  0.00  0.49  
10.657  98.75324607629801  92.08151427625252  -3.52  -0.18  -0.72  8  6  0  11  0  6  8  20.21  0.00  0.59  
10.682  98.6783246076298  92.06215142762525  -3.63  -0.37  -0.66  8  6  0  11  0  6  8  20.31  0.00  0.39  
10.706  98.63483246076298  92.07821514276253  -3.46  -0.05  -0.02  8  6  0  11  0  6  8  20.21  0.00  0.20  
10.73  98.6394832460763  92.11582151427625  -3.31  0.09  0.27  8  6  0  11  0  6  8  20.31  0.00  0.29  
10.755  98.62194832460764  92.12858215142762  -3.44  0.15  0.48  8  6  0  11  0  6  8  20.40  0.00  0.29  
10.779  98.65619483246076  92.12085821514276  -3.44  0.41  0.77  8  6  0  11  0  6  8  20.40  0.00  0.20  
10.804  98.58761948324607  92.15608582151428  -3.29  0.82  0.53  8  6  0  11  0  6  8  20.31  0.00  0.20  
10.827  98.61676194832461  92.22260858215142  -3.32  1.08  0.47  8  6  0  11  0  6  8  20.40  0.00  0.29  
10.852  98.62867619483245  92.23826085821513  -3.11  1.04  0.73  8  6  0  11  0  6  8  20.31  0.00  0.29  
10.876  98.63886761948324  92.2128260858215  -3.11  1.07  1.0  8  6  0  11  0  6  8  20.31  0.00  0.39  
10.901  98.63088676194832  92.17428260858215  -3.11  1.05  0.91  8  6  0  11  0  6  8  20.21  0.00  0.39  
10.925  98.65708867619483  92.17042826085822  -3.2  1.65  0.7  8  6  0  11  0  6  8  20.01  0.00  0.59  
10.949  98.73170886761949  92.18804282608582  -3.11  1.56  0.6  8  6  0  11  0  6  8  20.21  0.00  0.20  
10.974  98.71217088676195  92.16280428260859  -3.21  1.45  0.57  8  6  0  11  0  6  8  20.11  0.00  0.39  
10.998  98.71021708867619  92.16028042826086  -3.35  1.69  0.74  8  6  0  11  0  6  8  20.11  0.00  0.69  
11.022  98.75502170886762  92.18702804282609  -2.92  1.72  0.8  8  6  0  11  0  6  8  20.11  0.00  0.69  
11.046  98.75950217088676  92.2077028042826  -3.18  1.7  0.8  8  6  0  11  0  6  8  20.01  0.00  0.49  
11.071  98.80495021708867  92.20077028042826  -3.03  1.81  0.83  8  6  0  11  0  6  8  20.11  0.00  0.10  
11.096  98.85449502170887  92.17307702804283  -3.24  1.73  0.31  8  6  0  11  0  6  8  19.91  0.00  0.29  
11.119  98.83244950217089  92.16130770280428  -3.11  1.88  0.48  8  6  0  11  0  6  8  19.91  0.00  0.20  
11.144  98.76724495021709  92.15113077028043  -2.94  1.92  0.69  8  6  0  11  0  6  8  19.82  0.00  0.20  
11.168  98.7967244950217  92.15011307702804  -3.08  1.88  0.52  8  6  0  11  0  6  8  19.82  0.00  0.29  
11.193  98.80867244950217  92.15001130770281  -3.18  1.57  0.57  8  6  0  11  0  6  8  19.62  0.00  0.49  
11.216  98.78286724495021  92.17700113077028  -3.3  1.86  0.21  8  6  0  11  0  6  8  19.52  0.00  0.59  
11.241  98.74428672449503  92.11670011307703  -3.29  1.92  -0.08  8  6  0  11  0  5  8  19.52  0.00  0.59  
11.266  98.7764286724495  92.1196700113077  -3.11  2.42  0.2  8  6  0  11  0  5  8  19.52  0.00  0.39  
11.29  98.85164286724495  92.11996700113077  -3.11  2.76  1.21  8  6  0  11  0  5  8  19.52  0.00  0.29  
11.314  98.9311642867245  92.16499670011308  -3.05  2.61  1.79  8  6  0  11  0  5  8  19.42  0.00  0.39  
11.338  98.94811642867245  92.1874996700113  -2.74  2.59  2.06  8  6  0  11  0  5  8  19.33  0.00  0.69  
11.363  98.95881164286723  92.20774996700112  -2.85  3.2  2.32  8  6  0  11  0  5  8  19.23  0.00  0.69  
11.387  98.95088116428673  92.2367749967001  -2.84  4.14  1.98  8  6  0  11  0  5  8  19.23  0.00  0.69  
11.411  98.92308811642867  92.22167749967001  -3.22  4.35  1.06  8  6  0  11  0  5  8  19.23  0.39  0.69  
11.436  98.89330881164287  92.175167749967  -3.13  5.0  -0.01  8  6  0  11  0  6  8  19.23  0.88  0.49  
11.46  98.90833088116429  92.1345167749967  -3.33  7.01  -1.4  8  6  0  11  0  6  8  19.33  1.57  0.10  
11.485  99.06283308811642  92.10345167749966  -3.36  7.18  -2.36  8  6  0  12  0  6  8  19.42  2.26  0.29  
11.509  99.28528330881164  92.12734516774997  -2.76  5.64  -1.35  8  6  0  12  0  6  8  19.52  3.04  0.59  
11.533  99.28052833088117  92.174734516775  -2.81  6.02  -1.82  8  6  0  12  1  6  8  19.91  4.51  1.18  
11.557  99.35205283308812  92.20647345167748  -2.06  7.24  -2.84  8  6  0  12  1  6  8  20.01  7.26  1.18  
11.582  99.53020528330882  92.21864734516775  -3.26  3.85  -4.1  7  6  0  12  1  6  9  20.21  9.12  1.18  
11.607  99.85402052833088  92.30986473451676  -4.3  2.12  -2.76  7  6  0  12  1  6  9  20.31  11.48  1.08  
11.631  100.22840205283308  92.40898647345168  -4.84  -2.81  -0.49  7  6  0  0  1  6  9  21.09  13.83  0.78  
11.656  100.40984020528332  92.45489864734516  -5.56  -8.12  2.25  7  6  0  0  1  6  9  21.68  13.05  0.10  
11.68  100.29298402052834  92.46848986473451  -5.84  -13.31  3.06  7  6  0  0  1  6  9  22.46  12.56  0.00  
11.705  100.04729840205283  92.53284898647345  -6.5  -17.56  3.01  7  6  0  0  1  6  10  22.66  11.28  0.00  
11.729  99.77972984020529  92.43128489864733  -6.4  -18.24  3.6  7  6  0  0  1  6  10  22.76  9.61  0.00  
11.754  99.21297298402054  92.30412848986474  -5.18  -17.15  4.5  7  6  0  0  1  6  10  22.86  9.32  0.00  
11.779  98.78729729840205  92.24641284898647  -5.15  -14.93  4.0  7  6  0  0  1  6  10  23.05  9.32  0.00  
11.802  98.4027297298402  92.16864128489865  -4.66  -13.73  2.96  6  6  0  12  1  6  10  23.25  8.34  0.20  
11.827  98.01327297298403  92.02586412848987  -3.88  -13.4  2.69  6  6  0  12  0  6  10  23.35  7.75  0.88  
11.851  97.74932729729841  92.02058641284898  -3.84  -12.84  0.7  6  6  0  12  1  6  10  23.35  7.26  0.69  
11.877  97.38093272972985  91.9390586412849  -3.18  -15.24  0.12  5  6  0  11  0  6  10  23.35  7.06  0.59  
11.901  97.047093272973  91.95790586412849  -5.07  -17.66  0.58  5  5  0  11  0  6  10  23.15  7.16  0.29  
11.926  96.84270932729729  92.07679058641284  -8.26  -20.42  2.05  4  5  0  10  0  6  10  22.96  6.97  0.39  
11.951  96.36327093272973  92.05267905864127  -8.71  -23.4  0.95  3  4  0  10  0  6  10  22.76  6.57  0.29  
11.974  96.00932709327297  92.19426790586411  -19.46  -19.08  6.0  1  4  0  8  0  6  10  22.46  6.28  0.00  
11.999  95.2719327093273  92.12742679058641  -25.42  -14.45  8.62  0  3  0  7  0  6  10  21.97  5.00  0.00  
12.023  94.54119327093272  91.48174267905864  -42.84  -11.6  9.4  0  2  0  5  0  5  10  21.39  3.34  0.00  
12.048  94.16211932709328  91.35417426790586  -46.54  9.21  17.84  0  2  0  3  0  5  9  20.11  2.65  2.45  
12.072  94.06121193270933  91.29641742679058  -57.03  21.24  30.23  0  1  0  2  0  4  8  18.74  0.49  3.14  
12.097  94.68112119327094  90.97564174267906  -73.83  22.44  32.1  0  1  0  2  0  2  5  15.89  0.00  3.14  
12.121  96.2551121193271  90.7365641742679  -85.29  13.01  26.02  0  1  0  1  0  1  2  12.56  0.00  1.18  
12.145  98.9595112119327  89.37165641742679  -81.27  2.82  23.72  0  0  0  1  0  0  0  10.30  1.67  6.28  
12.169  100.66995112119326  88.74016564174268  -48.69  -8.15  38.22  0  0  0  1  0  0  0  5.79  3.83  3.92  
12.193  101.56099511211933  88.81201656417427  -16.65  -0.92  40.98  0  0  0  1  0  0  0  1.77  15.21  0.00  
12.217  102.34309951121195  89.27820165641742  -15.63  -17.02  8.61  0  0  0  1  0  0  0  0.49  2.45  9.91  
12.241  102.43030995112119  90.71082016564174  -16.45  -15.02  12.42  0  0  0  1  0  0  0  0.20  0.39  0.78  
12.265  101.89903099511213  92.73508201656418  -12.66  -5.95  15.02  0  0  0  1  0  0  0  0.00  0.00  0.00  
12.29  101.51290309951122  94.93550820165642  -2.62  2.79  10.25  0  0  0  0  0  0  0  0.00  0.00  0.00  
12.313  101.33929030995112  97.54955082016565  11.03  8.78  8.36  0  0  0  0  0  0  0  0.10  1.77  0.00  
12.337  100.49392903099512  99.78195508201657  25.06  12.02  3.23  0  0  0  0  0  0  0  0.00  1.57  0.20  
12.36  99.59039290309951  101.57119550820165  37.69  16.9  -1.5  0  0  0  0  0  0  0  0.00  1.37  0.98  
12.385  98.48303929030995  103.31611955082016  51.53  24.2  -7.23  0  0  0  0  0  0  0  0.00  1.18  1.47  
12.408  97.427303929031  104.88561195508201  60.46  26.08  -8.13  0  0  0  1  0  0  0  0.00  0.00  1.18  
12.433  96.1427303929031  105.8705611955082  67.15  33.11  -7.83  0  0  0  0  0  0  0  0.00  1.37  0.39  
12.456  94.77227303929031  106.10405611955082  73.82  37.93  -9.2  0  0  0  0  0  0  0  0.00  5.69  0.00  
12.48  93.70822730392904  105.68640561195508  79.57  37.57  -13.6  0  0  0  0  0  0  0  0.00  2.35  0.69  
12.505  92.85482273039291  104.60064056119552  79.21  28.93  -20.44  0  0  0  0  0  0  0  0.00  5.10  0.29  
12.528  92.2204822730393  103.28606405611956  80.86  17.24  -25.17  0  0  0  0  0  0  0  0.00  8.83  0.00  
12.552  91.91404822730392  102.09260640561195  77.51  9.32  -22.86  0  0  0  0  0  0  0  0.00  15.70  0.00  
12.576  91.9014048227304  100.6862606405612  66.31  6.85  -19.15  0  0  0  1  0  0  0  0.00  14.42  0.00  
12.6  92.32314048227305  98.88962606405612  50.63  8.63  -17.81  0  0  0  1  0  0  0  0.00  14.32  0.00  
12.623  93.16631404822732  96.65796260640562  41.27  7.85  -15.13  0  0  0  1  0  0  0  0.00  13.05  0.20  
12.647  93.97063140482274  95.01279626064056  39.33  10.6  -15.81  0  0  0  0  0  0  0  0.00  5.98  1.18  
12.672  94.87006314048227  93.51627962606406  39.23  18.55  -21.75  0  0  0  0  0  0  0  0.00  3.53  0.69  
12.695  95.80600631404823  92.3316279626064  42.95  23.44  -25.62  0  0  0  0  0  0  0  0.00  0.39  0.20  
12.719  96.78160063140483  91.97916279626064  37.4  20.42  -25.64  0  0  0  1  0  0  0  0.00  8.83  0.00  
12.742  97.14016006314048  91.59291627962605  27.0  18.11  -19.34  0  0  0  1  0  0  0  0.00  9.71  0.00  
12.767  97.66201600631405  90.7982916279626  16.9  16.82  -13.6  0  0  0  1  0  0  0  0.00  7.46  0.39  
12.79  98.44320160063141  89.79182916279626  2.34  7.13  -10.17  0  0  0  1  0  0  0  0.00  3.92  0.98  
12.814  99.29532016006314  88.33218291627963  -10.18  1.56  -5.02  0  0  0  1  0  0  0  0.00  1.57  0.49  
12.837  104.6185320160063  84.55921829162796  -57.16  -36.52  7.24  0  0  0  0  0  0  0  0.00  5.49  0.00  
12.861  103.84585320160063  86.6119218291628  -161.17  126.83  79.98  0  0  0  0  0  0  0  0.00  6.97  0.00  
12.886  101.56358532016006  85.38619218291629  -88.33  -65.08  -36.68  0  0  0  0  0  0  0  0.00  0.98  0.00  
12.909  101.749358532016  83.31961921829163  -23.36  80.44  -4.78  0  0  0  1  0  0  0  0.20  44.05  8.93  
12.934  100.35493585320161  84.08496192182916  -41.06  12.72  -32.76  0  0  0  2  0  0  0  0.49  88.09  10.40  
12.958  99.90949358532015  85.05249619218291  -29.72  17.4  -34.64  1  0  0  4  0  0  0  0.98  11.77  1.47  
12.983  100.21594935853201  86.47224961921829  -25.68  23.92  -16.11  3  1  0  5  0  0  0  3.92  98.59  0.00  
13.006  100.8315949358532  87.82022496192182  -31.31  15.04  -15.08  5  2  0  7  0  0  0  7.36  97.12  2.06  
13.031  101.64915949358532  88.72902249619219  -14.42  14.83  -4.2  6  3  0  9  0  0  0  11.77  33.84  4.51  
13.056  102.04591594935853  89.76490224961921  -16.57  7.88  -4.95  7  3  0  10  0  0  0  15.70  102.71  0.00  
13.08  102.82359159493585  90.52549022496193  -14.24  5.35  -1.18  7  4  0  11  0  1  0  18.64  102.91  17.56  
13.106  103.00035915949358  91.2405490224962  -13.53  -2.23  -0.18  8  5  0  12  0  2  1  22.27  102.91  2.55  
13.13  103.41403591594934  91.74405490224962  -15.02  -10.4  -0.69  9  6  0  1  0  3  1  25.41  102.91  0.00  
13.155  102.95140359159495  91.86640549022495  -13.12  -15.4  -1.2  11  7  0  3  0  4  2  27.96  102.91  0.00  
13.179  102.2571403591595  92.04964054902248  -7.22  -9.23  -3.58  0  7  0  5  0  5  2  30.51  102.81  0.00  
13.204  101.99871403591594  92.40996405490225  -4.29  -0.27  -1.71  0  8  0  6  0  6  3  33.16  102.81  0.00  
13.23  102.17087140359159  92.64399640549023  -3.18  2.12  0.7  0  8  0  7  0  6  3  34.14  102.91  0.00  
13.253  102.34108714035915  92.85639964054901  -3.62  2.45  4.74  0  8  0  7  0  6  3  33.75  102.81  0.00  
13.278  102.43910871403591  93.1206399640549  -3.43  3.6  8.07  1  8  0  8  0  6  4  33.55  102.81  0.00  
13.302  102.53891087140359  93.31806399640548  -3.53  4.15  9.02  1  8  0  8  0  6  4  33.45  102.81  0.00  
13.327  102.72889108714037  93.46380639964055  -4.47  4.0  9.41  2  8  0  8  0  7  4  32.86  102.81  0.00  
13.351  102.77488910871405  93.54138063996405  -5.88  3.59  8.67  2  8  0  8  0  7  5  32.18  102.81  0.00  
13.376  102.74348891087139  93.5941380639964  -6.11  3.15  7.95  2  8  0  9  0  7  5  31.88  102.81  0.00  
13.401  102.78534889108715  93.61741380639964  -7.32  1.02  7.62  3  8  0  10  0  7  6  32.18  102.81  0.59  
13.425  102.90653488910871  93.64674138063998  -7.89  -0.21  6.74  3  8  0  10  0  8  6  32.67  102.81  0.29  
13.45  102.94565348891086  93.910674138064  -10.21  -1.0  3.87  4  9  0  11  0  8  7  33.55  102.91  0.78  
13.474  103.08456534889108  93.9370674138064  -12.79  -2.98  3.0  5  9  0  12  0  9  7  34.73  102.91  0.69  
13.499  102.9274565348891  93.47170674138064  -11.26  -4.49  4.39  6  9  0  14  0  9  7  36.79  102.81  2.55  
13.524  102.8127456534889  93.28117067413808  -10.9  -2.66  3.19  7  9  0  15  0  10  8  38.55  102.81  5.49  
13.549  102.94527456534888  91.8671170674138  -13.05  -15.04  17.05  8  9  0  16  0  10  9  40.12  102.12  0.00  
13.574  105.5055274565349  90.20471170674138  -7.15  -65.7  5.24  10  10  0  19  0  11  10  41.40  25.70  0.00  
13.599  106.36455274565348  90.15547117067413  -14.73  -10.09  3.79  11  10  0  20  1  12  11  42.87  98.20  0.00  
13.624  105.73945527456536  90.31254711706741  -14.9  -8.48  3.34  12  10  0  22  1  1  10  45.52  13.83  0.00  
13.648  105.17294552745653  90.49925471170674  -15.76  -10.55  2.41  12  10  0  24  1  3  12  47.19  19.52  0.00  
13.674  104.52229455274566  90.69792547117066  -17.76  -12.95  3.6  12  10  0  25  1  4  8  48.56  14.81  0.00  
13.699  103.98922945527457  90.63679254711705  -19.44  -16.45  4.39  11  11  0  26  1  7  14  49.83  11.87  0.00  
13.723  103.26092294552747  90.62167925471171  -22.93  -15.48  5.15  10  11  0  27  1  8  14  51.40  14.52  0.00  
13.749  102.45909229455276  90.71016792547117  -32.27  -15.0  3.95  6  10  0  27  0  10  18  53.27  14.81  3.83  
13.773  101.70390922945529  90.65601679254712  -36.46  -8.38  8.68  1  9  0  27  0  11  8  53.46  17.76  0.98  
13.798  101.73639092294553  90.22760167925472  -37.79  -8.34  13.9  10  8  0  25  0  14  14  53.37  20.40  0.00  
13.822  101.37963909229455  89.77976016792547  -43.24  3.31  18.08  8  7  0  22  0  14  23  53.17  14.52  0.00  
13.848  100.55196390922946  89.25797601679255  -47.98  1.92  22.35  4  6  0  16  4  16  25  51.99  17.07  0.00  
13.873  100.73919639092296  89.01679760167924  -60.01  2.45  26.8  1  4  0  8  4  17  35  50.72  16.48  0.00  
13.897  100.5059196390923  88.61467976016792  -73.1  3.4  33.76  0  3  0  11  4  18  42  49.05  16.78  0.00  
13.922  100.05959196390923  87.8094679760168  -83.69  11.11  40.54  0  2  0  6  4  19  44  45.91  34.83  1.18  
13.946  99.80795919639093  86.87394679760169  -97.22  20.98  44.08  0  2  0  3  4  19  44  40.52  25.41  3.14  
13.972  99.6297959196391  86.50139467976015  -111.37  20.26  51.84  0  2  0  3  3  18  40  29.72  7.65  5.40  
13.997  99.99897959196392  85.41113946797603  -129.24  33.69  53.69  0  1  0  3  3  17  37  23.84  6.67  6.28  
14.021  100.4948979591964  83.9161139467976  -139.85  27.32  55.98  0  1  0  4  1  14  31  19.52  7.55  5.00  
14.046  101.24648979591964  81.90361139467977  -141.86  24.37  51.66  0  1  0  4  0  8  18  17.46  0.00  2.75  
14.07  102.52764897959197  79.96536113946799  -147.53  15.63  42.32  0  1  0  4  0  12  1  13.05  0.29  0.00  
14.095  105.2747648979592  78.1785361139468  -132.02  2.98  36.64  0  1  0  1  0  8  8  7.06  19.72  0.00  
14.118  106.81847648979591  77.02785361139469  -113.03  -2.54  56.91  0  0  0  1  0  4  3  1.86  67.30  0.88  
14.143  107.6928476489796  74.01478536113947  -80.85  -28.81  63.7  0  0  0  0  0  0  0  0.49  69.45  0.00  
14.168  107.44728476489796  73.11947853611395  -26.59  -19.38  79.21  0  0  0  0  0  0  0  0.00  80.15  16.78  
14.192  104.7677284764898  73.12894785361138  12.79  1.57  61.88  0  0  0  0  0  0  0  0.00  102.81  11.77  
14.216  101.79977284764898  73.00389478536114  27.48  2.11  41.46  0  0  0  0  0  0  0  0.00  102.91  1.57  
14.239  98.5059772847649  72.40638947853613  34.92  4.49  21.75  0  0  0  0  0  0  0  0.00  102.91  0.00  
14.264  95.5755977284765  71.1946389478536  42.5  10.77  3.78  0  0  0  0  0  0  0  0.00  102.91  0.00  
14.287  93.32055977284764  70.40746389478535  59.82  19.61  -6.12  0  0  0  0  0  0  0  0.00  102.81  0.00  
14.312  91.97905597728477  70.91374638947853  85.15  27.18  -7.38  0  0  0  0  0  0  0  0.00  102.91  0.20  
14.336  90.71090559772847  72.04437463894786  103.96  25.16  -8.42  0  0  0  0  0  0  0  0.00  102.81  0.00  
14.36  89.22509055977285  73.3634374638948  109.99  17.21  -1.13  0  0  0  0  0  0  0  0.00  102.91  0.00  
14.384  87.2585090559773  74.45834374638947  109.44  6.02  5.13  0  0  0  0  0  0  0  0.00  102.91  0.00  
14.407  85.81985090559772  75.18883437463894  109.14  1.26  9.96  0  0  0  0  0  0  0  0.00  102.81  0.00  
14.432  85.20798509055977  75.2888834374639  112.14  -2.4  12.17  0  0  0  0  0  0  0  0.00  102.81  0.20  
14.455  85.23679850905597  74.31788834374639  113.79  -0.85  11.27  0  0  0  0  0  0  0  0.00  102.91  0.00  
14.48  85.7796798509056  72.36678883437465  112.29  -3.03  4.31  0  0  0  0  0  0  0  0.00  102.91  0.00  
14.503  86.55396798509055  69.78667888343747  93.05  -6.41  -13.82  0  0  0  0  0  0  0  0.00  102.91  0.00  
14.527  87.60339679850907  67.07166788834374  65.94  -10.0  -30.7  0  0  0  0  0  0  0  0.00  102.91  0.00  
14.552  88.6263396798509  64.65816678883438  36.79  -5.57  -49.92  0  0  0  0  0  0  0  0.00  102.81  0.00  
14.575  90.2496339679851  62.40981667888343  14.36  3.88  -67.5  0  0  0  0  0  0  0  0.00  102.81  0.00  
14.6  92.39196339679852  60.78998166788834  -1.49  16.31  -75.87  0  0  0  0  0  0  0  0.00  102.81  0.00  
14.623  94.95519633967984  60.50199816678884  -10.42  23.93  -70.45  0  0  0  0  0  0  0  0.00  102.91  0.00  
14.648  99.06351963396799  63.41619981667888  -29.08  17.56  -56.91  0  0  0  0  0  0  0  0.00  102.81  0.00  
14.671  100.6353519633968  65.05761998166788  5.97  -17.2  -18.2  0  0  0  0  0  0  0  0.00  102.22  1.96  
14.696  102.42153519633968  64.62776199816679  40.6  -21.26  9.6  0  0  0  0  0  1  2  0.78  89.17  6.57  
14.72  101.43915351963398  65.36777619981667  70.79  -9.99  9.41  0  0  0  1  0  1  3  1.77  14.72  0.00  
14.744  99.8199153519634  70.00477761998167  65.73  -26.34  -1.05  0  0  0  3  0  2  5  3.34  13.54  0.00  
14.769  97.29999153519634  74.15847776199817  68.42  -10.31  -18.75  0  0  0  5  0  2  7  5.40  14.81  0.00  
14.793  96.94899915351962  77.54384777619981  52.57  8.96  -27.36  0  0  0  6  0  3  9  8.93  15.70  0.00  
14.817  97.42689991535195  80.71738477761997  34.16  22.99  -17.9  0  0  0  7  0  3  10  9.32  14.32  0.00  
14.841  106.0516899915352  90.124738477762  33.28  -59.96  10.74  0  1  0  7  1  4  11  9.12  12.85  0.00  
14.866  109.91116899915353  90.97547384777619  10.08  20.06  4.7  2  1  0  8  1  4  12  8.63  12.75  0.20  
14.891  109.56811689991535  92.03254738477762  6.29  3.3  5.5  2  2  0  8  1  5  2  8.53  13.05  0.00  
14.915  107.30181168999152  92.05725473847775  3.34  15.12  13.57  3  2  0  9  1  5  3  8.53  14.91  0.00  
14.94  105.07718116899915  92.23972547384778  -0.66  17.34  3.23  4  3  0  10  1  6  5  8.93  16.38  0.00  
14.964  104.1257181168999  92.35697254738479  -2.4  16.44  1.65  4  4  0  10  2  6  6  9.52  15.89  0.00  
14.988  103.62557181168998  92.43169725473848  -3.41  14.6  2.23  5  4  0  11  2  7  8  9.91  15.70  0.00  
15.012  103.197557181169  92.43916972547385  -3.55  12.47  3.65  5  5  0  11  2  8  10  10.30  16.28  0.00  
15.037  102.8217557181169  92.44891697254738  -2.47  12.43  3.98  6  5  0  11  2  8  10  10.69  16.68  0.00  
15.063  102.54117557181169  92.51289169725473  -2.53  11.78  3.15  6  5  0  12  2  8  11  10.99  16.78  0.20  
15.087  102.54011755718116  92.66328916972547  -2.93  9.18  3.89  6  6  0  12  2  8  11  11.28  17.46  0.29  
15.112  102.2700117557181  92.66932891697255  -3.5  7.9  4.73  6  6  0  0  2  9  13  11.58  17.56  0.49  
15.136  102.09000117557181  92.73293289169725  -4.34  7.9  4.3  6  6  0  1  2  9  14  11.87  17.46  0.20  
15.16  102.00000011755718  92.75729328916972  -4.41  5.85  3.4  7  6  0  2  2  9  14  12.16  17.85  0.20  
15.184  101.94600001175571  92.72372932891697  -4.67  4.37  2.18  7  6  0  2  2  9  15  12.65  18.15  0.39  
15.209  101.84160000117558  92.6393729328917  -4.6  4.02  0.79  7  6  0  3  2  9  16  13.05  18.74  0.29  
15.234  101.89416000011757  92.62193729328916  -3.88  5.15  1.74  7  7  0  3  2  10  16  13.54  19.72  0.20  
15.258  101.94441600001176  92.62019372932892  -4.44  4.24  0.73  7  7  0  4  2  10  16  13.93  19.62  0.00  
15.283  101.94044160000117  92.5570193729329  -4.6  2.51  0.4  7  7  0  4  2  10  16  14.22  19.82  0.00  
15.307  101.91304416000011  92.5147019372933  -4.38  3.01  -0.6  7  7  0  5  2  10  16  14.72  20.21  0.00  
15.332  101.84730441600001  92.44747019372933  -3.66  3.76  0.34  7  7  0  5  2  10  16  14.91  20.70  0.10  
15.356  101.8947304416  92.44974701937292  -3.41  4.47  1.27  8  7  0  6  2  10  16  15.21  65.43  0.00  
15.381  101.92647304416  92.4679747019373  -2.65  4.71  2.27  8  7  0  6  2  10  16  15.40  102.71  0.00  
15.406  102.02864730441601  92.45179747019372  -2.19  4.57  2.85  8  7  0  6  2  10  16  15.50  102.81  0.00  
15.43  102.0298647304416  92.45917974701936  -1.82  4.96  3.14  8  7  0  6  2  10  15  15.60  102.91  0.00  
15.456  102.12898647304416  92.46891797470194  -1.07  4.97  3.19  8  7  0  6  2  9  14  15.60  102.81  0.10  
15.48  102.18389864730442  92.4788917974702  -0.68  5.79  3.22  8  7  0  6  2  9  13  15.70  102.81  0.49  
15.505  102.30638986473043  92.47988917974702  -0.11  5.26  3.29  8  7  0  6  2  8  11  15.70  102.81  0.39  
15.529  102.38163898647304  92.4799889179747  0.18  6.25  2.84  8  7  0  5  2  8  10  15.60  102.81  0.20  
15.553  102.4071638986473  92.51599889179747  0.4  6.81  2.53  8  7  0  5  1  7  8  15.60  102.81  0.20  
15.578  102.53571638986473  92.60959988917975  0.89  5.92  2.74  8  7  0  5  1  7  7  15.21  102.81  0.10  
15.602  102.71957163898647  92.78095998891797  0.63  5.34  2.53  8  7  0  4  1  7  6  14.62  102.81  0.00  
15.627  102.77395716389866  92.88809599889181  0.18  4.38  2.18  8  7  0  4  1  6  5  13.64  102.91  0.00  
15.651  102.81539571638986  93.05180959988917  -1.05  3.12  2.36  8  7  0  3  1  6  4  13.15  102.81  0.00  
15.676  102.837539571639  93.15818095998893  -1.21  2.3  2.06  8  7  0  3  1  6  4  12.95  102.81  0.00  
15.7  102.86675395716391  93.20481809599889  -1.53  2.11  1.47  8  7  0  2  1  6  3  12.65  102.81  0.00  
15.725  102.8966753957164  93.2274818095999  -1.32  1.92  1.21  8  7  0  2  1  6  2  12.26  102.81  0.20  
15.749  102.89066753957164  93.24774818095999  -1.37  2.24  0.27  8  7  0  1  1  5  2  11.87  102.81  0.20  
15.773  102.95306675395716  93.29477481809599  -1.92  1.34  -0.15  8  7  0  1  1  5  2  11.67  102.81  0.29  
15.798  102.95030667539572  93.35347748180959  -2.44  1.49  -0.03  8  7  0  0  1  5  1  11.58  102.81  0.39  
15.822  103.01303066753957  93.35934774818097  -2.44  0.56  0.35  8  7  0  0  1  5  1  11.48  102.81  0.39  
15.847  103.05530306675396  93.3779347748181  -2.41  1.05  0.65  8  7  0  0  1  5  0  11.48  102.81  0.59  
15.872  103.1135303066754  93.44279347748181  -2.72  0.87  0.64  8  7  0  0  1  5  0  11.48  102.81  0.00  
15.896  103.13735303066754  93.53927934774818  -2.98  0.38  0.78  8  7  0  12  1  5  0  11.38  102.81  0.00  
15.921  103.15773530306674  93.51292793477482  -3.24  0.59  1.18  8  7  0  12  1  5  0  11.28  102.81  0.00  
15.945  103.23177353030667  93.51029279347749  -3.21  0.47  1.97  8  7  0  12  1  5  0  11.48  102.81  0.00  
15.97  103.19417735303065  93.46502927934773  -3.0  0.08  1.19  8  7  0  12  1  5  0  11.48  102.81  0.00  
15.994  103.19941773530307  93.43350292793477  -3.51  -0.14  1.13  8  7  0  0  1  5  0  11.58  102.91  0.00  
16.019  103.17294177353031  93.47535029279348  -3.62  -0.11  1.16  8  7  0  0  1  5  0  11.67  102.81  0.00  
16.044  103.17929417735304  93.46153502927933  -3.8  0.07  0.42  8  7  0  0  1  5  1  11.87  102.71  0.00  
16.068  103.17992941773531  93.43315350292794  -4.07  -0.56  0.19  8  7  0  0  1  5  1  11.97  102.81  0.10  
16.093  103.15299294177353  93.38531535029279  -4.02  -0.67  -0.45  8  7  0  1  1  5  1  12.16  102.81  0.20  
16.117  103.20429929417735  93.31753153502927  -4.1  -0.24  -0.47  8  7  0  1  1  5  1  12.46  102.71  0.20  
16.142  103.10142992941773  93.32875315350293  -3.84  -0.08  -1.16  8  7  0  1  1  5  1  12.65  102.71  0.00  
16.166  103.15414299294176  93.3298753153503  -4.05  -0.56  -1.0  8  7  0  2  1  6  2  13.15  102.81  0.10  
16.191  103.10541429929417  93.30298753153502  -4.21  -0.38  -0.89  8  7  0  2  1  6  2  13.24  102.81  0.00  
16.216  103.05554142992942  93.26429875315351  -3.89  -0.44  -0.76  9  7  0  2  1  6  2  13.34  102.91  0.00  
16.24  102.96955414299293  93.24242987531534  -3.82  -0.42  -0.6  9  7  0  2  1  6  2  13.64  102.81  0.00  
16.265  102.96095541429929  93.24024298753153  -3.92  -0.69  -1.62  9  7  0  2  1  6  2  13.73  102.81  0.00  
16.289  102.91509554142993  93.20402429875315  -4.43  -0.5  -2.13  9  7  0  2  1  6  2  14.13  102.71  0.10  
16.314  102.83850955414299  93.17340242987532  -4.4  -1.24  -3.05  9  7  0  2  1  6  1  14.22  102.81  0.10  
16.339  102.82185095541429  93.17034024298754  -4.38  -0.93  -2.74  9  7  0  3  1  6  1  14.72  102.81  0.00  
16.364  102.75718509554143  93.17003402429876  -4.56  -1.15  -2.82  9  7  0  3  1  6  1  14.81  102.91  0.10  
16.389  102.75971850955415  93.16100340242987  -4.63  -1.47  -3.12  9  7  0  3  1  6  1  15.01  102.91  0.20  
16.413  102.66997185095542  93.16910034024299  -4.94  -1.18  -2.85  9  7  0  3  1  6  1  15.50  102.81  0.29  
16.438  102.59799718509555  93.17891003402431  -4.43  -1.73  -2.18  9  7  0  4  1  6  0  15.79  102.71  0.10  
16.462  102.53679971850956  93.18889100340243  -4.32  -0.83  -1.59  9  7  0  4  1  6  0  16.19  102.81  0.00  
16.487  102.49467997185096  93.18088910034025  -4.18  -0.5  -1.3  9  7  0  4  1  6  0  16.58  102.81  0.10  
16.512  102.49946799718509  93.15308891003403  -3.81  -0.53  -1.39  9  8  0  4  1  6  0  16.87  102.81  0.10  
16.536  102.44594679971851  93.1233088910034  -4.07  0.11  -1.21  9  8  0  4  1  6  0  16.97  102.71  0.00  
16.561  102.41359467997185  93.05733088910034  -4.0  -0.05  -2.26  9  8  0  5  1  6  0  16.97  102.81  0.10  
16.585  102.4283594679972  93.05973308891004  -4.08  0.36  -2.32  9  8  0  5  1  6  0  17.17  102.71  0.20  
16.61  102.42983594679973  93.032973308891  -4.4  0.41  -2.0  9  8  0  5  1  6  0  17.17  102.81  0.20  
16.634  102.36698359467997  93.0392973308891  -4.21  -0.5  -2.27  9  8  0  5  1  6  0  17.27  102.81  0.20  
16.659  102.32469835946799  93.03092973308891  -4.13  -0.41  -1.4  9  8  0  5  1  6  12  17.66  102.81  0.20  
16.684  102.28446983594681  92.9850929733089  -4.08  -0.39  -1.91  9  8  0  5  1  6  12  17.85  102.81  0.59  
16.709  102.24444698359467  93.03450929733089  -4.07  0.05  -2.3  9  8  0  6  1  6  12  18.15  102.81  0.00  
16.734  102.21344469835945  93.12045092973308  -4.52  -0.14  -2.64  9  8  0  6  1  6  12  18.44  102.81  0.00  
16.758  102.18334446983594  93.08404509297331  -4.32  -0.82  -3.15  9  8  0  6  1  6  12  18.64  102.81  0.00  
16.783  102.14433444698359  93.08940450929734  -5.01  -1.19  -3.85  9  8  0  6  1  6  12  19.03  102.81  0.10  
16.807  102.08643344469836  93.16194045092973  -4.7  -0.91  -3.27  9  8  0  7  1  6  12  19.42  102.71  0.10  
16.832  102.07164334446983  93.20519404509297  -5.27  -1.31  -3.1  10  8  0  8  1  6  12  19.62  102.81  0.00  
16.858  101.917164334447  93.22751940450931  -5.21  -1.56  -2.93  10  8  0  8  1  6  12  20.01  102.81  0.20  
16.882  101.8387164334447  93.18475194045094  -5.37  -2.44  -2.48  10  8  0  8  1  6  12  20.40  102.71  0.10  
16.907  101.74987164334448  93.08147519404508  -5.43  -2.6  -2.76  10  8  0  9  1  6  12  20.80  102.81  0.00  
16.931  101.73198716433444  93.0801475194045  -5.71  -2.6  -2.18  10  8  0  9  1  6  12  21.39  102.81  0.29  
16.956  101.67619871643345  93.08001475194045  -5.66  -3.19  -1.47  10  8  0  10  1  6  0  21.97  102.81  0.00  
16.982  101.52661987164335  93.03500147519405  -6.11  -3.72  -1.66  10  9  0  10  1  6  0  22.56  102.81  0.00  
17.006  101.34066198716434  92.9675001475194  -5.73  -2.97  -2.77  10  9  0  11  1  6  1  23.05  102.81  0.00  
17.031  101.24106619871642  92.86175001475193  -5.95  -2.79  -2.94  10  9  0  11  1  6  1  23.45  102.71  0.00  
17.055  101.15010661987164  92.77917500147518  -5.81  -1.48  -2.37  10  9  0  12  1  6  1  24.13  102.71  0.00  
17.081  101.09601066198717  92.66291750014753  -5.54  0.08  -3.44  11  9  0  12  1  6  2  24.43  102.81  0.10  
17.105  101.04560106619871  92.61529175001476  -5.25  -0.84  -2.62  10  9  0  13  1  7  2  24.72  59.35  2.94  
17.13  101.07656010661987  92.58352917500147  -4.67  -1.07  -2.05  10  9  0  13  1  7  2  24.82  1.86  1.96  
17.155  100.98965601066199  92.55335291750015  -4.79  -1.09  -1.73  10  9  0  13  1  7  2  25.11  1.96  0.69  
17.179  100.9539656010662  92.52333529175002  -4.49  -1.47  -0.87  10  9  0  14  1  7  2  25.41  1.86  0.59  
17.204  100.97739656010663  92.529333529175  -4.28  -0.75  -0.39  10  9  0  14  1  7  2  25.31  1.86  0.39  
17.228  100.97973965601066  92.5209333529175  -4.09  -1.04  0.05  10  9  0  14  1  7  2  25.41  1.86  0.20  
17.253  100.97997396560106  92.50209333529175  -3.89  -1.52  0.85  10  9  0  14  1  7  2  25.41  1.86  0.20  
17.277  100.97999739656011  92.46420933352917  -3.93  -2.3  0.89  10  9  0  14  1  7  2  25.41  1.86  0.29  
17.302  100.898999739656  92.4424209333529  -3.97  -2.58  1.5  10  9  0  14  1  7  2  25.41  1.77  0.49  
17.327  100.7378999739656  92.39524209333528  -4.03  -2.3  1.72  10  9  0  14  1  7  3  25.31  1.86  0.39  
17.351  100.57778999739656  92.36352420933352  -4.28  -2.44  1.69  10  9  0  14  1  7  3  25.11  1.77  0.49  
17.376  100.44477899973967  92.36035242093334  -4.02  -2.05  1.31  10  9  0  14  1  7  3  25.02  1.86  0.39  
17.4  100.41347789997397  92.32403524209333  -4.08  -1.67  0.79  10  9  0  14  1  7  3  25.11  1.86  0.49  
17.425  100.3293477899974  92.33840352420934  -4.11  -2.0  0.62  10  9  0  14  1  7  3  25.02  1.96  0.59  
17.449  100.25793477899975  92.36684035242094  -3.99  -1.96  0.76  10  9  0  14  1  7  3  24.92  1.86  0.59  
17.474  100.23279347789997  92.2886840352421  -4.01  -2.23  0.8  9  9  0  14  1  7  3  24.82  1.96  0.49  
17.499  100.17627934779  92.22686840352421  -3.96  -1.69  0.79  9  9  0  14  1  7  3  24.82  1.96  0.49  
17.523  100.170627934779  92.21168684035241  -3.88  -1.37  0.96  9  9  0  14  1  7  3  24.62  1.86  0.10  
17.548  100.11606279347791  92.20116868403524  -3.69  -1.01  0.86  9  9  0  14  1  7  3  24.62  1.86  0.29  
17.572  100.08360627934779  92.20011686840353  -3.79  -0.63  1.13  9  9  0  14  1  7  3  24.62  1.86  0.29  
17.597  100.02636062793478  92.19101168684035  -3.69  -0.44  1.53  9  9  0  14  1  7  3  24.62  1.77  0.20  
17.622  99.87663606279347  92.19010116868404  -3.74  -0.49  1.55  9  9  0  14  1  7  3  24.52  1.77  0.39  
17.646  99.82566360627933  92.19001011686841  -3.63  -0.23  2.18  9  9  0  14  1  7  3  24.52  1.67  0.39  
17.671  99.82956636062792  92.17200101168685  -3.05  0.46  2.74  9  8  0  14  1  7  3  24.43  1.77  0.49  
17.694  99.7309566360628  92.13420010116869  -3.08  0.79  3.02  9  8  0  13  1  7  3  24.03  1.77  0.39  
17.719  99.72109566360628  92.10342001011686  -2.64  1.23  3.4  9  8  0  13  1  7  3  23.54  1.86  0.39  
17.743  99.74710956636063  92.07334200101168  -2.1  2.11  3.89  8  8  0  12  1  7  3  23.05  1.86  0.39  
17.768  99.81271095663605  92.03433420010117  -1.81  3.03  3.51  8  8  0  12  1  6  3  22.46  1.67  0.59  
17.792  99.81027109566361  92.05743342001011  -1.71  2.47  3.56  8  8  0  12  1  6  2  21.78  1.67  0.59  
17.816  99.80102710956635  92.05074334200101  -1.73  2.53  2.81  8  8  0  11  1  6  2  21.19  1.57  0.49  
17.841  99.88110271095663  92.12207433420011  -1.8  2.24  2.78  8  8  0  11  1  6  2  20.70  1.28  0.49  
17.865  99.91611027109566  92.15620743342001  -1.85  1.76  2.53  8  8  0  11  1  6  2  19.82  1.28  0.29  
17.889  99.89261102710955  92.20462074334199  -1.81  0.98  1.87  7  8  0  10  1  6  2  19.33  1.08  0.20  
17.913  99.88126110271095  92.2274620743342  -2.21  -0.16  1.22  7  8  0  10  1  6  1  18.84  0.88  0.10  
17.938  99.88012611027109  92.22074620743342  -2.24  -0.44  0.92  7  8  0  10  1  6  1  18.54  0.78  0.20  
17.963  99.9340126110271  92.22907462074335  -2.24  -0.07  1.11  7  8  0  9  1  6  1  17.95  0.49  0.20  
17.986  99.9574012611027  92.25690746207434  -2.28  -0.53  0.94  7  8  0  9  1  6  0  17.56  0.10  0.29  
18.011  99.95074012611026  92.25969074620744  -2.23  -0.61  2.0  7  8  0  8  1  6  0  17.07  0.00  0.59  
18.035  99.83307401261102  92.24196907462073  -2.47  -0.31  1.79  7  8  0  8  1  6  0  17.07  0.00  0.69  
18.06  99.8033074012611  92.26719690746206  -2.48  0.09  2.11  7  8  0  8  1  6  0  17.07  0.00  0.39  
18.083  99.8543307401261  92.2967196907462  -2.66  0.05  2.3  7  8  0  8  1  6  0  16.87  0.00  0.49  
18.108  99.8324330740126  92.32667196907461  -2.65  0.27  2.79  7  8  0  8  1  6  0  16.78  0.00  0.69  
18.132  99.81224330740126  92.35666719690745  -2.46  1.2  2.88  7  8  0  8  1  6  12  16.68  0.00  0.78  
18.156  99.82822433074011  92.35066671969074  -2.11  3.21  3.22  7  8  0  8  1  6  12  16.68  0.00  0.78  
18.181  99.928822433074  92.35006667196907  -1.59  4.24  3.47  8  8  0  8  0  5  12  16.58  0.00  0.59  
18.205  99.87588224330742  92.3770066671969  -1.94  5.62  2.76  8  8  0  9  0  5  12  16.38  0.00  0.69  
18.23  99.89758822433075  92.45170066671969  -1.27  6.83  3.24  8  8  0  9  0  5  12  16.38  0.00  0.78  
18.253  100.00775882243308  92.39617006667197  -1.24  9.83  4.73  8  8  0  10  0  5  12  16.58  0.00  0.59  
18.278  100.10877588224331  92.46261700666719  -0.33  8.63  5.45  9  8  0  10  0  5  12  16.58  0.00  0.39  
18.302  100.22687758822433  92.50526170066672  -0.59  8.16  4.55  9  8  0  10  0  5  12  16.38  0.00  0.20  
18.327  100.27468775882244  92.59052617006668  -1.1  6.79  2.46  10  8  0  10  0  5  11  16.48  0.00  0.20  
18.352  100.32446877588224  92.66205261700668  -1.46  6.17  0.32  10  8  0  10  0  5  11  16.38  0.00  0.29  
18.376  100.41044687758821  92.66920526170067  -2.02  5.98  -0.93  10  8  0  11  0  5  11  16.48  0.00  0.29  
18.401  100.57204468775882  92.76892052617008  -2.46  4.72  -2.23  10  9  0  11  0  5  11  16.48  0.00  0.29  
18.425  100.73220446877588  92.78789205261701  -2.8  3.28  -2.5  10  8  0  11  0  5  11  16.68  0.00  0.88  
18.45  100.92822044687759  92.8167892052617  -2.97  3.08  -1.86  11  9  0  11  0  5  11  16.87  0.00  1.28  
18.475  101.12782204468778  92.90967892052618  -3.96  5.35  -1.05  11  9  0  12  0  5  11  17.07  0.00  1.18  
18.5  101.13878220446877  92.89196789205262  -2.33  3.68  -0.15  11  9  0  12  0  5  11  17.27  0.00  0.98  
18.525  101.22987822044688  92.91719678920526  -2.27  3.15  -0.09  11  9  0  12  0  5  11  17.27  0.00  0.39  
18.549  101.30198782204468  92.91971967892053  -2.42  3.3  0.24  11  9  0  12  0  4  10  17.17  0.00  0.59  
18.574  101.44419878220447  92.92897196789207  -2.66  2.72  -0.15  11  9  0  12  0  4  10  17.17  0.00  0.59  
18.598  101.47641987822045  92.97489719678921  -2.83  2.51  -0.46  11  9  0  12  0  4  10  17.17  0.00  0.29  
18.623  101.44364198782205  92.98848971967892  -3.24  2.36  -0.65  11  9  0  12  0  4  10  17.07  0.00  0.69  
18.648  101.5123641987822  93.00784897196789  -3.34  2.19  -1.02  12  9  0  13  0  4  10  17.36  0.00  0.69  
18.672  101.60023641987821  93.0817848971968  -3.67  1.79  -0.47  12  9  0  13  0  5  10  17.56  0.00  0.78  
18.697  101.60902364198782  93.08917848971969  -3.82  1.39  -0.98  12  9  0  13  0  5  10  17.85  0.00  1.18  
18.721  101.61890236419879  93.08091784897198  -4.12  1.25  -0.94  12  9  0  13  0  5  10  18.15  0.00  0.69  
18.746  101.65589023641988  93.09809178489719  -4.45  1.27  -1.69  12  9  0  14  0  5  10  18.64  0.00  0.69  
18.77  101.650589023642  93.05480917848972  -4.57  0.82  -2.31  12  9  0  14  0  5  10  19.03  0.00  0.59  
18.795  101.67705890236421  93.05048091784897  -4.77  0.15  -2.46  0  9  0  14  0  5  10  19.62  0.00  0.59  
18.82  101.73370589023642  92.9600480917849  -4.4  0.45  -1.82  0  9  0  14  0  5  10  20.01  0.00  0.49  
18.844  101.73037058902364  92.91500480917848  -4.86  0.26  -1.72  0  9  0  14  0  5  10  20.60  0.00  0.29  
18.869  101.73003705890237  92.87450048091786  -4.66  -0.22  -1.38  1  9  0  13  0  5  10  20.99  0.00  0.39  
18.893  101.72100370589024  92.8974500480918  -4.82  -0.01  -1.56  2  9  0  16  0  5  10  21.48  0.00  0.29  
18.919  101.64810037058902  92.86374500480918  -4.82  -0.52  -1.28  1  9  0  14  0  5  10  22.07  0.00  0.59  
18.944  101.6678100370589  92.81537450048093  -4.57  -1.0  -1.36  2  9  0  16  0  5  10  22.56  0.00  0.29  
18.968  101.7237810037059  92.7925374500481  -4.63  -1.41  -0.9  2  9  0  16  0  5  10  23.25  0.00  0.39  
18.993  101.6663781003706  92.7992537450048  -4.79  -1.28  -0.83  2  9  0  16  0  5  10  23.74  0.00  0.10  
19.017  101.62463781003707  92.81792537450048  -4.82  -1.97  -0.78  2  9  0  16  0  5  10  24.03  0.00  0.59  
19.042  101.62946378100371  92.81079253745006  -4.95  -1.47  -0.7  2  9  0  17  0  5  10  24.52  0.00  0.20  
19.066  101.59394637810038  92.828079253745  -4.96  -2.08  -0.44  3  9  0  17  0  5  10  24.82  0.00  0.20  
19.091  101.49139463781005  92.78480792537451  -4.67  -2.08  -0.27  3  9  0  17  0  5  10  25.51  0.00  0.00  
19.116  101.445139463781  92.74448079253744  -4.87  -1.66  -0.44  3  9  0  17  0  5  10  25.60  0.00  0.00  
19.14  101.4135139463781  92.68644807925375  -4.65  -1.95  -0.6  3  9  0  17  0  5  10  25.80  0.00  0.00  
19.165  101.32935139463781  92.63564480792537  -4.62  -1.61  -0.12  3  9  0  17  0  5  10  25.80  0.00  0.00  
19.189  101.29393513946378  92.60356448079254  -4.4  -1.23  -0.05  4  9  0  17  0  5  11  25.90  0.00  0.00  
19.214  101.27239351394638  92.54635644807925  -4.38  -1.26  0.18  4  9  0  18  0  6  10  26.09  0.00  0.00  
19.238  101.19823935139463  92.52263564480792  -4.5  -1.02  0.39  4  9  0  18  0  6  11  26.29  0.00  0.00  
19.263  101.12782393513947  92.52026356448079  -4.36  -0.47  0.69  4  9  0  18  0  6  11  26.39  0.00  0.20  
19.288  101.09378239351395  92.50202635644808  -4.12  -0.72  0.7  4  9  0  18  0  6  11  26.39  0.00  0.29  
19.312  101.02737823935138  92.49120263564481  -4.44  -1.13  0.76  4  10  0  18  1  6  11  26.68  0.10  0.10  
19.338  100.94873782393515  92.48112026356448  -4.93  -1.66  0.62  4  10  0  18  1  6  11  26.88  0.20  0.20  
19.362  100.85987378239352  92.42611202635644  -5.22  -2.34  0.02  5  10  0  19  1  6  11  27.37  0.29  0.00  
19.387  100.80598737823935  92.37561120263565  -5.36  -2.85  -0.34  5  10  0  19  1  6  11  27.76  0.39  0.00  
19.411  100.66559873782394  92.30756112026356  -5.6  -2.89  -0.14  5  10  0  19  1  6  11  28.25  0.49  0.00  
19.436  100.5705598737824  92.24675611202635  -5.87  -3.34  -0.6  5  10  0  19  1  6  11  28.65  0.78  0.00  
19.461  100.54305598737824  92.19567561120263  -6.17  -3.66  -0.93  5  10  0  20  1  6  11  29.04  0.00  0.00  
19.485  100.44130559873784  92.17256756112026  -5.89  -3.45  -0.79  5  10  0  20  1  6  12  29.63  0.00  0.10  
19.511  100.36813055987378  92.13425675611202  -5.81  -3.35  -0.68  5  10  0  20  1  6  12  30.12  0.20  0.20  
19.535  100.26181305598739  92.02242567561122  -5.73  -3.15  -0.76  5  10  0  20  1  6  12  30.80  0.29  0.39  
19.56  100.14318130559874  91.93924256756112  -5.48  -2.73  -0.7  5  10  0  20  1  6  12  31.39  0.39  0.29  
19.585  100.05031813055987  91.8859242567561  -4.93  -1.86  -0.4  5  10  0  20  1  6  12  31.88  0.59  0.39  
19.609  99.96903181305598  91.8265924256756  -4.44  -0.18  0.08  5  10  0  20  1  7  12  32.37  0.78  0.29  
19.634  99.9249031813056  91.76665924256756  -3.62  1.52  0.76  5  10  0  20  1  7  12  32.47  0.78  0.29  
19.658  99.83949031813054  91.75166592425676  -2.74  3.28  0.77  5  10  0  21  1  7  12  32.47  0.78  0.00  
19.683  99.83994903181306  91.73216659242567  -2.22  4.53  1.3  5  10  0  21  1  7  12  32.18  0.69  0.10  
19.707  99.86699490318131  91.72121665924257  -1.65  6.06  1.04  5  10  0  20  1  6  12  31.69  0.49  0.10  
19.732  99.92369949031814  91.75612166592425  -1.32  6.83  1.69  5  10  0  20  1  6  12  31.00  0.39  0.29  
19.757  100.00136994903181  91.77761216659243  -0.76  7.29  2.2  4  10  0  20  1  6  12  29.82  0.10  0.20  
19.781  100.10813699490319  91.77976121665924  -0.48  7.68  1.86  4  10  0  20  1  6  11  29.04  0.00  0.39  
19.806  100.25381369949031  91.85197612166593  -0.52  7.66  1.69  4  9  0  20  1  6  11  28.15  0.00  0.59  
19.83  100.35838136994904  91.94919761216659  -0.56  6.19  1.9  4  9  0  19  1  6  11  27.37  0.00  0.69  
19.855  100.5038381369949  92.05791976121665  -1.48  4.31  1.6  4  9  0  19  1  6  11  26.88  0.00  0.88  
19.879  100.65338381369949  92.12279197612166  -2.05  3.06  1.08  4  9  0  19  1  6  11  26.29  0.00  0.69  
19.904  100.69533838136996  92.19227919761217  -2.44  2.8  0.9  4  9  0  19  1  6  11  26.19  0.00  0.69  
19.929  100.753533838137  92.22622791976121  -2.55  1.97  0.95  4  9  0  20  1  6  11  26.00  0.00  0.49  
19.952  100.7773533838137  92.22962279197613  -3.18  1.76  0.98  4  9  0  20  1  6  11  26.19  0.00  0.39  
19.977  100.77073533838137  92.17596227919762  -3.08  1.14  0.68  4  9  0  20  1  6  11  26.19  0.00  0.20  
20.001  100.78807353383814  92.17959622791976  -2.87  1.88  1.27  4  9  0  20  1  6  11  26.39  0.00  0.20  
20.026  100.84380735338381  92.23395962279196  -2.95  1.81  1.69  4  9  0  20  1  6  11  26.59  0.00  0.20  
20.05  100.82238073533838  92.2213959622792  -2.56  1.64  2.38  4  9  0  20  1  6  11  26.59  0.00  0.20  
20.075  100.89223807353383  92.22913959622792  -2.5  1.11  2.74  3  9  0  20  1  6  11  26.59  0.00  0.10  
20.1  100.98022380735337  92.29291395962278  -2.66  0.77  2.9  3  9  0  19  1  6  11  26.49  0.10  0.10  
20.124  101.02502238073534  92.32629139596227  -2.84  1.47  3.24  2  9  0  19  1  6  11  26.39  0.20  0.20  
20.149  101.06550223807352  92.33862913959624  -2.31  1.73  3.75  2  9  0  19  1  6  11  26.09  0.39  0.29  
20.173  101.16855022380736  92.33086291395962  -2.28  1.85  4.4  1  9  0  19  1  6  11  25.70  0.78  0.49  
20.198  101.23285502238073  92.32108629139596  -2.11  1.34  5.22  0  9  0  18  1  6  11  25.21  0.98  0.39  
20.222  101.31128550223808  92.2931086291396  -2.42  0.68  4.56  12  9  0  18  1  6  11  24.82  1.57  0.49  
20.247  101.39112855022381  92.30831086291397  -2.57  1.15  4.69  12  9  0  18  1  6  11  24.33  1.96  0.39  
20.272  101.46211285502238  92.38183108629138  -2.3  0.94  5.53  11  9  0  17  1  6  11  23.94  2.45  0.10  
20.296  101.38821128550224  92.41618310862913  -2.34  0.22  5.34  11  8  0  17  1  6  11  23.45  3.34  0.00  
20.321  101.34482112855022  92.43761831086292  -3.16  0.11  4.7  11  8  0  17  1  6  11  23.25  4.71  0.00  
20.345  101.30448211285503  92.41276183108629  -2.82  -0.11  4.6  10  8  0  17  1  6  12  23.25  5.40  0.00  
20.37  101.2824482112855  92.34727618310863  -3.41  -0.44  3.66  10  8  0  17  1  6  12  23.25  6.08  0.00  
20.395  101.31624482112855  92.39472761831087  -3.73  -1.79  4.01  10  8  0  16  1  6  12  23.15  6.38  0.29  
20.419  101.28362448211286  92.41747276183108  -3.96  -1.92  4.2  9  8  0  16  1  6  12  23.05  6.97  0.20  
20.444  101.18136244821127  92.4377472761831  -3.84  -3.46  4.8  9  8  0  16  1  6  0  23.05  7.46  0.20  
20.468  101.17113624482113  92.4217747276183  -4.24  -4.1  4.36  9  8  0  16  1  6  0  23.05  7.26  0.39  
20.493  101.08011362448211  92.33017747276182  -3.96  -4.66  5.18  9  8  0  15  1  6  1  23.05  7.65  0.39  
20.517  101.06201136244822  92.30301774727617  -4.12  -5.34  4.48  8  8  0  15  1  7  1  22.96  8.04  0.69  
20.541  100.95220113624482  92.26430177472761  -3.53  -6.91  4.74  8  8  0  14  1  7  2  22.66  8.24  0.49  
20.566  100.85122011362448  92.26043017747277  -3.6  -7.22  5.19  8  8  0  14  1  6  2  22.27  7.85  0.10  
20.59  100.71512201136245  92.09804301774727  -3.53  -8.43  4.85  7  8  0  13  1  6  2  21.97  8.14  0.20  
20.615  100.50351220113625  92.06380430177472  -3.45  -7.2  4.63  7  7  0  12  1  6  2  21.58  8.24  0.10  
20.639  100.30235122011364  91.99738043017747  -3.37  -8.63  5.21  7  7  0  11  1  6  2  21.29  7.85  0.10  
20.664  100.12923512201137  91.96373804301774  -2.75  -9.98  6.06  6  7  0  11  1  6  2  20.90  7.36  0.00  
20.688  100.01292351220113  92.19437380430178  0.97  -7.32  8.91  6  7  0  10  1  6  2  20.40  6.87  0.00  
20.713  100.14529235122012  92.08243738043018  -2.16  -8.77  10.95  6  7  0  8  1  6  1  19.62  6.08  0.10  
20.738  100.00552923512201  91.90924373804302  0.95  -8.22  13.79  6  7  0  7  1  6  0  18.93  4.71  0.20  
20.761  99.75755292351221  91.6489243738043  7.7  -0.04  16.31  6  7  0  4  1  5  12  18.05  3.14  0.00  
20.786  99.53475529235124  91.65889243738043  19.39  13.5  21.15  6  6  0  12  0  4  11  16.48  1.08  0.49  
20.81  99.17947552923512  92.22688924373804  7.13  8.1  6.05  6  6  0  11  0  3  10  14.32  0.00  0.78  
20.835  99.16194755292351  92.66168892437379  -1.39  -4.33  -0.88  7  7  0  11  0  3  10  12.46  0.00  1.08  
20.859  99.17819475529237  92.84016889243738  -3.11  -13.01  2.4  6  6  0  11  0  3  10  11.77  0.00  1.08  
20.884  99.11681947552924  92.91201688924373  -2.65  -13.97  5.69  5  6  0  11  0  3  10  11.28  0.00  0.69  
20.909  98.96668194755293  93.20720168892437  -4.86  -14.2  6.52  4  6  0  10  0  3  9  10.99  0.00  0.10  
20.933  98.6816681947553  93.40772016889244  -8.79  -19.16  5.02  3  6  0  10  0  3  10  10.89  0.00  0.00  
20.958  98.11316681947554  93.15777201688924  -10.47  -19.12  4.16  3  6  0  10  0  3  10  11.18  0.00  0.00  
20.982  97.78631668194757  93.02477720168892  -11.99  -13.37  1.91  2  5  0  9  0  3  10  11.18  0.00  0.00  
21.007  97.61863166819475  92.5794777201689  -9.33  -7.15  5.44  2  5  0  9  0  3  10  10.99  0.00  0.00  
21.031  97.35886316681948  92.2289477720169  -2.48  -4.82  7.18  2  5  0  9  0  3  10  10.50  0.00  0.00  
21.056  96.97288631668195  91.9778947772017  3.26  -1.91  7.3  2  5  0  8  0  3  9  9.81  0.00  0.10  
21.08  96.85328863166819  91.79978947772017  8.18  1.96  10.06  2  5  0  7  0  3  9  9.12  0.00  0.39  
21.104  96.95832886316681  91.69197894777203  18.05  6.2  15.02  2  5  0  6  0  2  7  7.95  0.00  0.59  
21.128  96.59083288631668  92.0501978947772  25.24  14.61  17.56  1  5  0  5  0  2  6  5.79  0.00  0.98  
21.152  96.46408328863167  92.68001978947773  24.03  29.49  24.07  1  4  0  4  0  1  4  3.92  0.00  0.98  
21.176  96.76640832886316  93.27400197894777  17.11  27.53  23.65  0  4  0  3  0  0  2  2.55  0.00  1.86  
21.2  97.6696408328863  93.80140019789478  15.31  20.55  28.41  0  3  0  2  0  0  0  1.28  0.00  4.02  
21.224  99.27196408328864  94.76314001978949  20.84  12.25  49.53  0  3  0  1  0  0  0  0.69  0.00  5.59  
21.249  99.27019640832887  95.46231400197895  30.41  -8.45  75.11  0  3  0  0  0  0  0  0.20  23.35  8.14  
21.272  99.71101964083289  96.10823140019791  32.63  -10.45  106.29  0  3  0  0  0  0  0  0.00  102.61  15.70  
21.297  99.67410196408329  96.8478231400198  31.68  -23.58  132.34  0  2  0  0  0  0  0  94.18  102.81  10.20  
