0.447  57.3  85.71  8.09  -2.59  -1.25  0  0  0  1  0  0  0  0.00  0.00  0.00  
0.472  62.016  92.71199999999999  7.74  -0.11  -1.5  0  0  0  1  0  0  0  0.00  0.00  0.00  
0.495  66.2856  99.3072  6.37  0.47  -2.89  0  0  0  1  0  0  0  0.00  0.00  0.00  
0.519  69.94355999999999  104.96172  4.0  0.79  -2.66  0  0  0  1  0  0  0  0.00  0.00  0.00  
0.542  72.95535600000001  109.865172  4.19  -0.05  -3.49  0  0  0  1  0  0  0  0.00  0.00  0.29  
0.566  75.6775356  113.92851719999999  3.49  -1.24  -2.34  0  0  0  1  0  0  0  0.00  0.00  0.00  
0.589  78.00175356000001  117.33185171999999  3.32  -0.5  -1.05  0  0  0  1  0  0  0  0.00  0.00  0.00  
0.613  79.791175356  120.291185172  2.09  -0.82  -1.22  0  0  0  1  0  0  0  0.00  0.00  0.00  
0.637  81.37411753559999  122.65711851719999  -0.35  -1.29  -1.02  0  0  0  1  0  0  0  0.00  0.00  0.00  
0.661  82.99041175356001  124.66671185172  -1.78  -1.99  -0.39  0  0  0  1  0  0  0  0.00  0.00  0.39  
0.685  84.475041175356  126.37967118517199  -4.07  -1.75  1.11  0  0  0  1  0  0  0  0.00  0.00  0.49  
0.708  85.6225041175356  127.8199671185172  -5.92  -1.76  2.31  0  0  0  1  0  0  0  0.00  0.00  0.00  
0.733  86.70925041175356  129.0079967118517  -6.57  -0.79  3.28  0  0  0  1  0  0  0  0.00  0.00  0.00  
0.756  87.65492504117536  130.10779967118515  -7.78  -0.45  3.71  0  0  0  1  0  0  0  0.00  0.00  0.00  
0.78  88.44249250411754  131.15377996711854  -8.83  -0.47  4.08  0  0  0  1  0  0  0  0.00  0.00  0.39  
0.803  89.09724925041175  132.07737799671185  -10.45  0.5  4.35  0  0  0  1  0  0  0  0.00  0.00  0.69  
0.827  89.90972492504117  132.9257377996712  -9.02  1.1  4.86  0  0  0  1  0  0  0  0.00  0.00  0.10  
0.85  90.63897249250411  133.84757377996712  -7.28  0.49  6.07  0  0  0  1  0  0  0  0.00  0.00  0.00  
0.874  91.19789724925042  134.77675737799672  -7.13  0.39  8.36  0  0  0  1  0  0  0  0.00  0.00  0.00  
0.899  91.40678972492505  135.57167573779967  -5.9  1.56  8.46  0  0  0  1  0  0  0  0.00  0.00  0.00  
0.922  91.48167897249249  136.52416757377995  -4.28  1.66  7.51  0  0  0  1  0  0  0  0.00  0.00  0.49  
0.946  91.59716789724925  137.08741675737798  -2.92  0.39  4.54  0  0  0  1  0  0  0  0.00  0.00  0.59  
0.969  91.54571678972493  137.48574167573778  -2.47  0.21  0.9  0  0  0  1  0  0  0  0.00  0.00  0.10  
0.993  91.49557167897248  137.9935741675738  -3.11  -0.13  -1.04  0  0  0  1  0  0  0  0.00  0.00  0.00  
1.016  91.68855716789724  138.4763574167574  -2.29  -0.33  -1.15  0  0  0  1  0  0  0  0.00  0.00  0.00  
1.041  92.04085571678972  138.58763574167574  -0.83  -0.37  -1.83  0  0  0  1  0  0  0  0.00  0.00  0.49  
1.064  92.37308557167897  138.72476357416758  0.21  -0.58  -2.3  0  0  0  1  0  0  0  0.00  0.00  0.78  
1.088  92.5503085571679  138.80147635741676  1.11  -0.4  -2.74  0  0  0  1  0  0  0  0.00  0.00  0.69  
1.112  92.97303085571679  138.83614763574167  1.98  1.4  -2.7  0  0  0  1  0  0  0  0.00  0.00  0.00  
1.135  93.56430308557168  138.73161476357416  1.77  2.94  -1.11  0  0  0  1  0  0  0  0.00  0.00  0.00  
1.159  93.82143030855717  138.49616147635743  1.59  4.95  0.83  0  0  0  1  0  0  0  0.00  0.00  0.10  
1.182  93.81114303085572  138.36461614763573  3.32  5.64  1.57  0  0  0  1  0  0  0  0.00  0.00  0.49  
1.206  93.62111430308556  138.45946161476357  6.61  3.79  0.42  0  0  0  1  0  0  0  0.00  0.00  0.59  
1.229  93.45811143030856  138.69394616147636  7.54  0.66  -0.08  0  0  0  1  0  0  0  0.00  0.00  0.10  
1.253  93.00981114303086  138.80739461614763  4.48  0.39  -1.35  0  0  0  1  0  0  0  0.00  0.00  0.00  
1.277  92.27198111430309  138.92673946161477  2.2  1.44  -2.99  0  0  0  1  0  0  0  0.00  0.00  0.00  
1.301  91.98219811143032  138.96567394616147  0.4  1.69  -3.76  0  0  0  1  0  0  0  0.00  0.00  0.39  
1.325  92.17821981114304  139.02356739461615  2.1  0.0  -3.82  0  0  0  1  0  0  0  0.00  0.00  0.59  
1.348  92.4588219811143  139.09235673946162  2.27  -1.95  -2.91  0  0  0  1  0  0  0  0.00  0.00  0.59  
1.372  92.00988219811143  139.23423567394616  -0.49  -1.06  -0.73  0  0  0  1  0  0  0  0.00  0.00  0.00  
1.395  91.71298821981115  139.12242356739463  -2.85  1.73  0.28  0  0  0  1  0  0  0  0.00  0.00  0.00  
1.419  91.71929882198111  138.64324235673948  -2.69  2.21  -1.24  0  0  0  1  0  0  0  0.00  0.00  0.00  
1.443  91.82792988219812  137.81232423567394  -5.81  0.1  -3.22  0  0  0  1  0  0  0  0.00  0.00  0.49  
1.467  91.6587929882198  136.6942324235674  -11.43  0.39  -3.05  0  0  0  1  0  0  0  0.00  0.00  0.59  
1.49  91.55187929882199  135.58342324235676  -16.95  3.43  -1.31  0  0  0  1  0  0  0  0.00  0.00  0.20  
1.514  91.8021879298822  134.1043423242357  -22.86  3.23  0.53  0  0  0  1  0  0  0  0.00  0.00  0.00  
1.538  92.25921879298822  132.61543423242355  -32.64  -0.44  1.93  0  0  0  1  0  0  0  0.00  0.00  0.10  
1.561  92.52992187929883  130.81054342324236  -49.12  0.7  4.18  0  0  0  1  0  0  0  0.00  0.00  0.69  
1.585  92.95299218792988  128.59605434232424  -63.94  12.26  5.02  0  0  0  1  0  0  0  0.00  0.00  0.78  
1.609  93.54429921879299  126.88060543423242  -62.75  15.2  0.43  0  0  0  1  0  0  0  0.00  0.00  0.39  
1.633  94.4674299218793  125.89906054342325  -63.31  9.79  0.15  0  0  0  1  0  0  0  0.00  1.37  0.29  
1.656  94.76674299218791  124.64890605434233  -69.52  7.19  3.81  0  0  0  1  0  0  0  0.00  2.65  0.00  
1.68  94.76967429921878  123.47989060543424  -76.83  11.59  5.89  0  0  0  1  0  0  0  0.00  2.65  0.00  
1.703  94.88696742992188  122.65198906054343  -86.7  15.54  9.44  0  0  0  1  0  0  0  0.00  2.16  0.69  
1.727  95.02469674299219  121.75019890605435  -93.37  21.5  13.2  0  0  0  1  0  0  0  0.00  2.26  0.39  
1.751  95.13746967429923  120.65201989060543  -85.79  20.44  9.3  0  0  0  1  0  0  0  0.00  2.26  0.49  
1.775  95.23874696742993  119.75920198906054  -78.04  13.41  3.49  0  0  0  1  0  0  0  0.00  2.35  0.10  
1.799  95.21287469674299  119.36392019890604  -81.5  7.66  5.44  0  0  0  1  0  0  0  0.00  2.55  0.00  
1.822  95.05728746967429  118.93739201989061  -85.56  10.58  8.68  0  0  0  1  0  0  0  0.00  2.06  0.00  
1.846  94.86172874696743  118.37273920198906  -88.91  12.73  9.89  0  0  0  1  0  0  0  0.00  1.47  0.69  
1.869  94.53617287469675  116.8672739201989  -98.44  15.75  10.56  0  0  0  1  0  0  0  0.00  1.18  0.59  
1.893  94.32361728746967  115.02472739201988  -107.88  16.96  9.98  0  0  0  1  0  0  0  0.00  1.18  0.29  
1.917  94.73436172874698  113.48147273920199  -117.56  19.63  10.5  0  0  0  0  0  0  0  0.00  1.18  0.00  
1.941  95.5494361728747  112.4091472739202  -121.81  16.22  15.37  0  0  0  0  0  0  0  0.00  1.18  0.00  
1.965  96.45894361728747  111.22191472739203  -124.42  14.01  20.02  0  0  0  0  0  0  0  0.00  1.96  0.69  
1.989  96.89189436172875  109.8341914727392  -122.27  22.2  25.75  0  0  0  0  0  0  0  0.00  2.16  0.98  
2.013  97.35818943617286  108.22841914727393  -120.79  36.73  28.7  0  0  0  0  0  0  0  0.00  2.35  0.59  
2.036  98.25981894361729  106.5828419147274  -112.16  40.16  24.73  0  0  0  0  0  0  0  0.00  2.45  0.10  
2.06  99.41198189436174  104.90628419147274  -91.82  20.24  14.57  0  0  0  0  0  0  0  0.00  3.73  0.00  
2.084  99.99519818943617  103.40662841914727  -65.52  -0.36  9.48  0  0  0  0  0  0  0  0.00  4.32  0.88  
2.108  99.8645198189436  102.56366284191472  -40.04  -7.32  4.67  0  0  0  0  0  0  0  0.00  4.61  0.88  
2.131  99.50945198189436  102.24536628419146  -23.58  0.15  1.27  0  0  0  0  0  0  0  0.00  3.73  0.49  
2.155  99.41994519818942  102.25853662841915  -16.42  8.91  0.11  0  0  0  0  0  0  0  0.00  3.43  0.29  
2.179  99.59099451981893  102.13385366284191  -10.24  10.69  -0.73  0  0  0  0  0  0  0  0.00  4.41  0.00  
2.203  99.72509945198189  101.74338536628419  0.19  4.38  -4.19  0  0  0  0  0  0  0  0.10  4.41  0.00  
2.227  99.60350994519818  101.12833853662842  9.75  -1.2  -9.6  0  0  0  0  0  0  0  0.00  4.32  0.29  
2.25  99.49235099451982  100.31083385366284  16.25  -2.69  -14.06  0  0  0  0  0  0  0  0.00  4.51  0.29  
2.274  99.51723509945198  99.32908338536629  20.58  -3.02  -18.18  0  0  0  0  0  0  0  0.00  4.32  0.10  
2.297  99.74472350994519  98.28590833853664  22.03  -4.8  -18.85  0  0  0  0  0  0  0  0.00  4.12  0.00  
2.321  100.04647235099452  97.02959083385367  18.46  -5.94  -16.91  0  0  0  0  0  0  0  0.00  4.02  0.00  
2.344  100.34664723509945  95.43695908338537  11.05  -3.13  -13.73  0  0  0  0  0  0  0  0.00  4.02  0.00  
2.369  100.78166472350995  93.52269590833853  2.55  2.06  -8.73  0  0  0  0  0  0  0  0.00  3.83  0.29  
2.393  101.410166472351  91.44126959083385  -2.95  4.91  -2.18  0  0  0  1  0  0  0  0.00  3.43  0.49  
2.416  102.00401664723509  89.37012695908338  -8.69  5.44  4.92  0  0  0  0  0  0  0  0.00  2.45  0.10  
2.44  103.56640166472351  86.04001269590835  -20.27  -11.91  -4.41  0  0  0  1  0  0  0  0.00  2.06  0.00  
2.463  102.60664016647235  85.10400126959084  27.04  -22.48  13.11  0  0  0  1  0  0  0  0.59  6.38  0.00  
2.487  100.59366401664724  84.90240012695908  52.27  -12.33  4.93  0  0  0  1  0  0  0  1.47  6.18  0.00  
2.511  99.71736640166472  87.42024001269591  100.04  -39.73  -24.43  0  0  0  1  0  0  0  1.57  4.32  9.32  
2.535  99.53073664016648  87.94202400126959  -44.86  250.14  -50.34  0  0  0  2  0  0  0  1.18  0.00  10.01  
2.56  100.92507366401664  90.15420240012698  -8.25  -55.28  2.04  0  0  0  1  0  0  0  0.69  0.00  0.00  
2.583  100.06550736640166  89.39442024001269  -13.47  -28.68  -3.24  0  0  0  1  0  0  0  0.88  0.00  0.00  
2.607  100.17755073664017  89.93944202400127  -3.98  5.29  -1.02  0  0  0  1  0  0  0  1.08  0.00  0.00  
2.631  100.60275507366403  90.89394420240014  6.57  12.94  2.54  0  0  0  1  0  0  0  0.88  0.00  0.00  
2.655  100.8072755073664  91.78139442024  2.63  6.86  6.16  0  0  0  1  0  0  0  0.98  0.00  2.06  
2.678  99.95472755073664  92.35613944202399  -0.6  1.27  5.08  0  0  0  2  0  0  0  1.28  0.00  0.00  
2.702  99.49147275507366  92.9086139442024  -2.66  -0.18  -0.73  0  0  0  2  0  0  0  1.28  0.00  0.00  
2.725  99.49914727550737  93.37786139442024  -3.34  -0.56  0.11  0  0  0  2  0  0  1  1.37  0.00  0.00  
2.75  99.46391472755073  93.64978613944203  -4.12  2.69  2.16  0  0  0  2  0  0  1  1.37  0.00  0.00  
2.774  99.39739147275507  93.89297861394421  -5.34  2.82  0.86  0  0  0  2  0  0  1  1.47  0.00  0.00  
2.797  99.39973914727551  94.11529786139442  -5.82  4.22  0.82  0  0  0  2  0  0  1  1.57  0.00  0.00  
2.821  99.40897391472754  94.30852978613945  -5.68  4.32  1.92  0  0  0  2  0  0  1  1.86  0.00  0.00  
2.845  99.39189739147275  94.40885297861395  -5.07  2.96  2.42  0  1  0  2  0  0  1  1.96  0.00  0.00  
2.869  99.34518973914729  94.54488529786138  -4.22  4.09  4.4  0  1  0  3  0  0  1  2.06  0.00  0.00  
2.892  99.30451897391472  94.63048852978613  -4.44  3.95  4.11  0  1  0  3  0  0  2  2.16  0.00  0.00  
2.917  99.31845189739147  94.69304885297862  -3.53  3.95  3.64  0  1  0  3  0  0  2  2.26  0.00  0.00  
2.94  99.41884518973916  94.79830488529787  -3.47  3.4  3.37  0  1  0  3  0  0  2  2.26  0.00  0.00  
2.964  99.46488451897392  94.89883048852978  -2.92  2.44  2.73  0  1  0  3  0  0  2  2.26  0.00  0.00  
2.989  99.53248845189741  94.97188304885297  -3.11  1.69  2.63  0  1  0  3  0  0  2  2.16  0.00  0.00  
3.012  99.53924884518975  95.0331883048853  -2.96  1.16  1.74  0  1  0  3  0  0  2  2.16  0.00  0.10  
3.036  99.51292488451898  95.09331883048853  -2.53  1.08  1.59  0  1  0  3  0  0  2  2.26  0.00  0.10  
3.06  99.53729248845191  95.09933188304885  -2.93  0.56  0.96  0  1  0  3  0  0  2  2.26  0.00  0.10  
3.084  99.55772924884519  95.11793318830489  -2.89  0.27  1.02  0  1  0  3  0  0  2  2.16  0.00  0.00  
3.108  99.54177292488453  95.09279331883049  -2.77  0.56  1.05  0  1  0  3  0  0  2  2.26  0.00  0.29  
3.132  99.53117729248845  95.09927933188305  -2.81  0.51  1.33  0  1  0  3  0  0  2  2.06  0.00  0.00  
3.155  99.48511772924886  95.13592793318831  -2.76  1.11  2.16  0  1  0  3  0  0  2  1.86  0.00  0.00  
3.18  99.58851177292489  95.14859279331884  -2.37  1.5  2.5  0  1  0  3  0  0  2  1.96  0.00  0.00  
3.204  99.58985117729249  95.12285927933189  -2.01  1.9  3.21  0  1  0  3  0  0  2  1.96  0.00  0.20  
3.227  99.59898511772924  95.1292859279332  -1.92  2.65  3.63  0  1  0  2  0  0  2  1.77  0.00  0.20  
3.251  99.62689851177292  95.16592859279332  -2.05  2.72  3.92  0  1  0  2  0  0  2  1.77  0.00  0.10  
3.275  99.66568985117729  95.22359285927934  -2.09  2.79  3.75  0  1  0  2  0  0  1  1.67  0.00  0.39  
3.299  99.72356898511774  95.21135928592793  -1.76  3.03  4.09  0  1  0  2  0  0  1  1.67  0.00  0.59  
3.322  99.71135689851177  95.27313592859281  -1.65  2.46  3.95  0  1  0  2  0  0  1  1.37  0.00  0.00  
3.346  99.74613568985117  95.30631359285928  -2.29  2.95  3.44  0  1  0  2  0  0  1  1.28  0.00  0.78  
3.371  99.90261356898512  95.34563135928593  -1.86  2.31  3.54  0  1  0  2  0  0  1  1.28  0.00  0.59  
3.394  99.92726135689853  95.3675631359286  -2.08  1.93  3.22  0  1  0  2  0  0  1  1.28  0.00  0.88  
3.418  99.98372613568985  95.43275631359286  -1.93  1.85  3.15  0  1  0  2  0  0  1  1.18  0.00  1.57  
3.442  99.99837261356899  95.53827563135928  -2.29  2.84  2.79  0  1  0  2  0  0  1  1.18  0.00  0.69  
3.466  100.0178372613569  95.54882756313593  -2.13  1.92  2.65  0  1  0  2  0  0  1  1.18  0.00  0.78  
3.489  100.08278372613569  95.5498827563136  -2.28  1.59  2.23  0  1  0  2  0  0  1  1.18  0.00  0.69  
3.514  100.10727837261356  95.51398827563136  -2.37  0.87  1.89  0  1  0  2  0  0  1  1.18  0.00  0.20  
3.537  100.14572783726136  95.50139882756314  -2.37  1.01  1.76  0  1  0  2  0  0  1  1.08  0.00  0.20  
3.561  100.17657278372614  95.50913988275632  -2.6  1.11  1.63  0  1  0  2  0  0  1  0.98  0.00  0.49  
3.586  100.15265727837262  95.50991398827563  -2.68  1.01  1.4  0  1  0  2  0  0  1  1.08  0.00  0.00  
3.609  100.16826572783727  95.55499139882757  -2.58  1.01  1.44  0  1  0  2  0  0  1  1.08  0.00  0.00  
3.633  100.19682657278373  95.57749913988276  -2.78  1.02  1.49  0  1  0  2  0  0  1  1.08  0.00  0.00  
3.657  100.14568265727837  95.57974991398828  -2.69  0.99  1.75  0  1  0  2  0  0  1  1.08  0.00  0.20  
3.681  100.16756826572784  95.56197499139883  -2.73  1.37  1.4  0  1  0  2  0  0  1  1.08  0.00  0.29  
3.704  100.14275682657279  95.61419749913989  -2.79  1.08  1.57  0  1  0  2  0  0  1  1.08  0.00  0.69  
3.729  100.13127568265728  95.60141974991399  -3.02  1.47  1.31  0  1  0  2  0  0  1  1.08  0.00  0.00  
3.752  100.16612756826574  95.62714197499139  -3.17  1.7  1.53  0  1  0  2  0  0  1  1.08  0.00  0.00  
3.776  100.24161275682658  95.64771419749914  -3.0  1.27  1.52  0  1  0  2  0  0  1  0.98  0.00  0.59  
3.8  100.24016127568265  95.65877141974991  -3.08  1.19  1.5  0  1  0  2  0  0  1  0.98  0.00  0.00  
3.824  100.20401612756827  95.677877141975  -3.04  1.37  1.59  0  1  0  2  0  0  1  1.08  0.00  0.00  
3.848  100.23640161275682  95.6707877141975  -2.91  0.95  1.25  0  1  0  2  0  0  1  0.98  0.00  0.00  
3.871  100.26664016127567  95.66107877141974  -3.15  0.86  1.59  0  0  0  2  0  0  1  0.98  0.00  0.20  
3.895  100.27866401612758  95.63310787714197  -3.21  0.99  1.39  0  0  0  2  0  0  1  0.98  0.00  0.10  
3.919  100.28886640161276  95.63931078771421  -2.94  1.08  1.26  0  0  0  2  0  0  1  0.98  0.00  0.10  
3.943  100.29888664016127  95.62193107877142  -3.15  0.72  1.05  0  0  0  2  0  0  1  0.98  0.00  0.10  
3.966  100.30888866401614  95.63819310787714  -3.15  0.79  1.24  0  0  0  2  0  0  1  0.98  0.00  0.00  
3.99  100.3008888664016  95.69381931078772  -3.11  0.85  1.2  0  0  0  2  0  0  1  0.98  0.00  0.00  
4.014  100.32708888664015  95.70838193107876  -3.16  0.76  0.98  0  0  0  2  0  0  1  0.98  0.00  0.20  
4.038  100.31170888866403  95.68283819310788  -3.13  0.88  1.15  0  0  0  2  0  0  1  0.98  0.00  0.00  
4.062  100.3281708888664  95.68928381931079  -3.47  1.0  1.17  0  0  0  2  0  0  1  0.88  0.00  0.00  
4.085  100.30281708888663  95.68092838193108  -3.45  0.92  1.4  0  0  0  2  0  0  1  0.88  0.00  0.00  
4.109  100.31828170888866  95.7070928381931  -3.17  0.81  1.28  0  0  0  2  0  0  1  0.98  0.00  0.00  
4.133  100.37382817088886  95.68270928381932  -3.34  1.26  1.44  0  0  0  2  0  0  1  0.98  0.00  0.00  
4.157  100.44238281708888  95.68927092838193  -3.08  0.98  1.34  0  0  0  2  0  0  1  0.98  0.00  0.10  
4.18  100.44023828170889  95.7259270928382  -3.2  0.98  1.18  0  0  0  2  0  0  1  0.98  0.00  0.10  
4.204  100.41302382817088  95.71159270928382  -3.17  1.31  1.49  0  0  0  2  0  0  1  0.88  0.00  0.29  
4.229  100.47330238281708  95.70115927092839  -3.06  1.16  1.44  0  0  0  2  0  0  1  0.78  0.00  0.00  
4.252  100.4973302382817  95.74511592709283  -3.2  1.14  1.27  0  0  0  2  0  0  1  0.98  0.00  0.00  
4.276  100.53573302382817  95.7585115927093  -3.3  1.59  1.48  0  0  0  2  0  0  1  0.98  0.00  0.29  
4.299  100.53957330238282  95.76885115927092  -3.09  1.6  1.34  0  0  0  2  0  0  1  0.98  0.00  0.29  
4.323  100.55795733023828  95.80588511592708  -3.18  1.37  1.41  0  0  0  2  0  0  1  0.98  0.00  0.20  
4.347  100.57779573302383  95.82758851159271  -3.0  1.21  1.33  0  0  0  2  0  0  1  0.98  0.00  0.20  
4.371  100.52577957330239  95.81175885115927  -3.27  1.34  0.63  0  0  0  2  0  0  1  0.98  0.00  0.20  
4.395  100.51157795733025  95.80117588511592  -3.02  1.34  1.08  0  0  0  2  0  0  1  0.88  0.00  0.20  
4.418  100.59115779573301  95.7641175885116  -3.29  1.51  1.38  0  0  0  2  0  0  1  0.98  0.00  0.00  
4.443  100.64411577957331  95.76041175885118  -3.01  0.89  0.89  0  0  0  2  0  0  1  0.98  0.00  0.10  
4.466  100.68541157795732  95.7420411758851  -3.37  1.13  1.08  0  0  0  2  0  0  1  0.88  0.00  0.20  
4.49  100.69854115779574  95.73120411758852  -3.22  1.02  0.97  0  0  0  2  0  0  1  0.98  0.00  0.20  
4.513  100.69085411577957  95.70312041175886  -3.24  1.06  1.16  0  0  0  2  0  0  1  0.98  0.00  0.10  
4.537  100.67208541157797  95.68231204117589  -3.21  0.96  1.08  0  0  0  2  0  0  1  0.98  0.00  0.20  
4.561  100.66120854115779  95.67123120411759  -3.21  0.73  1.02  0  0  0  2  0  0  1  0.98  0.00  0.20  
4.585  100.64212085411579  95.62512312041176  -3.29  0.91  1.19  0  0  0  2  0  0  1  0.88  0.00  0.20  
4.609  100.67621208541158  95.61151231204119  -3.19  0.54  0.91  0  0  0  2  0  0  1  0.88  0.00  0.10  
4.632  100.67962120854116  95.60115123120411  -3.11  0.81  0.74  0  0  0  2  0  0  1  0.88  0.00  0.10  
4.657  100.64396212085413  95.58211512312042  -3.13  0.61  1.04  0  0  0  2  0  0  1  0.98  0.00  0.20  
4.68  100.67639621208542  95.56221151231205  -3.24  0.62  0.78  0  0  0  2  0  0  1  0.98  0.00  0.20  
4.704  100.65263962120855  95.6322211512312  -3.33  0.69  0.92  0  0  0  2  0  0  1  0.98  0.00  0.39  
4.727  100.59626396212086  95.61222211512313  -3.26  0.73  0.82  0  0  0  2  0  0  1  0.98  0.00  0.20  
4.752  100.56362639621209  95.61022221151232  -3.42  0.89  0.82  0  0  0  2  0  0  1  1.08  0.00  0.10  
4.775  100.5693626396212  95.62802222115123  -3.24  0.85  0.73  0  0  0  2  0  0  1  0.98  0.00  0.10  
4.799  100.57893626396212  95.62080222211513  -3.22  0.85  1.05  0  0  0  2  0  0  1  0.98  0.00  0.10  
4.823  100.5978936263962  95.6290802222115  -3.22  0.75  1.05  0  0  0  2  0  0  1  0.88  0.00  0.10  
4.846  100.59078936263963  95.66590802222116  -3.18  0.97  0.98  0  0  0  2  0  0  1  1.08  0.00  0.00  
4.871  100.57207893626395  95.67859080222212  -3.18  0.82  1.11  0  0  0  2  0  0  1  0.98  0.00  0.00  
4.894  100.6152078936264  95.7068590802222  -3.27  1.09  1.11  0  0  0  2  0  0  1  0.98  0.00  0.00  
4.918  100.63752078936264  95.69168590802221  -3.43  1.07  1.13  0  0  0  2  0  0  1  0.98  0.00  0.00  
4.941  100.63975207893627  95.68116859080223  -3.14  1.0  1.08  0  0  0  2  0  0  1  0.98  0.00  0.00  
4.966  100.62197520789363  95.69811685908023  -3.15  0.82  1.13  0  0  0  2  0  0  1  0.98  0.00  0.00  
4.989  100.64719752078938  95.65481168590803  -3.1  1.08  1.24  0  0  0  2  0  0  1  0.88  0.00  0.00  
5.013  100.57771975207893  95.6684811685908  -3.21  0.85  1.2  0  0  0  2  0  0  1  0.88  0.00  0.00  
5.037  100.5617719752079  95.65184811685909  -3.18  1.11  1.2  0  0  0  2  0  0  1  0.98  0.00  0.00  
5.06  100.53317719752079  95.6591848116859  -3.31  0.53  1.28  0  0  0  2  0  0  1  0.88  0.00  0.00  
5.085  100.53931771975208  95.66891848116859  -3.14  0.91  1.27  0  0  0  2  0  0  1  0.88  0.00  0.00  
5.108  100.5579317719752  95.67889184811686  -3.11  0.83  1.03  0  0  0  2  0  0  1  0.88  0.00  0.00  
5.132  100.5957931771975  95.69788918481169  -3.21  0.89  0.84  0  0  0  2  0  0  1  0.88  0.00  0.00  
5.155  100.60857931771976  95.71778891848116  -3.21  0.73  1.12  0  0  0  2  0  0  1  0.88  0.00  0.29  
5.18  100.62785793177197  95.70177889184812  -3.28  0.57  0.82  0  0  0  2  0  0  1  0.88  0.00  0.20  
5.203  100.6117857931772  95.7091778891848  -3.43  0.63  1.08  0  0  0  2  0  0  1  0.98  0.00  0.00  
5.227  100.64617857931773  95.69191778891847  -3.13  1.24  1.36  0  0  0  2  0  0  1  0.88  0.00  0.00  
5.251  100.62261785793177  95.69019177889184  -3.17  1.15  1.47  0  0  0  2  0  0  1  0.88  0.00  0.00  
5.274  100.62026178579319  95.72601917788919  -3.16  1.47  1.64  0  0  0  2  0  0  1  0.88  0.00  0.00  
5.299  100.53902617857932  95.66660191778891  -3.46  0.7  0.27  0  0  0  2  0  0  1  0.88  0.00  0.00  
5.322  100.43190261785793  95.70566019177889  -3.37  2.59  1.44  0  0  0  2  0  0  0  0.78  0.00  1.18  
5.346  100.4841902617858  95.71856601917789  -3.13  3.31  1.7  0  0  0  1  0  0  0  0.78  0.00  0.78  
5.369  100.54341902617858  95.7288566019178  -2.98  2.56  2.11  0  0  0  1  0  0  0  0.88  0.00  0.88  
5.394  100.63034190261786  95.73888566019177  -3.04  3.37  2.36  0  0  0  2  0  0  0  0.78  0.00  0.98  
5.417  100.71103419026178  95.73088856601919  -2.81  2.77  2.29  0  0  0  2  0  0  0  0.88  0.00  0.39  
5.441  100.80910341902617  95.72108885660191  -2.88  2.56  2.3  0  0  0  2  0  0  0  0.78  0.00  0.00  
5.465  100.90891034190261  95.71110888566018  -2.77  1.44  2.08  0  0  0  2  0  0  0  0.88  0.00  0.00  
5.489  100.84689103419026  95.692110888566  -2.93  1.93  1.89  0  0  0  2  0  0  0  0.98  0.00  0.00  
5.513  100.95768910341903  95.6272110888566  -3.18  1.95  1.69  0  0  0  2  0  0  0  0.88  0.00  0.00  
5.536  100.8877689103419  95.67472110888566  -3.26  1.52  1.8  0  0  0  2  0  0  0  0.98  0.00  0.00  
5.56  100.95277689103418  95.69747211088857  -3.23  2.21  1.69  0  0  0  2  0  0  0  1.08  0.00  1.08  
5.583  100.95027768910342  95.72674721108886  -3.29  1.63  1.82  0  0  0  2  0  0  0  1.08  0.00  0.78  
5.608  100.98602776891033  95.66667472110888  -3.44  1.63  1.73  0  0  0  2  0  0  0  0.98  0.00  0.49  
5.632  101.00760277689103  95.60666747211087  -3.17  3.3  3.34  0  0  0  2  0  0  0  0.98  0.00  0.00  
5.655  101.08176027768911  95.60066674721108  -3.25  3.42  3.24  0  0  0  1  0  0  0  0.78  0.00  1.37  
5.679  101.27817602776891  95.45606667472111  -4.29  7.42  4.9  0  0  0  1  0  0  0  0.88  0.00  2.35  
5.702  101.54981760277688  95.33360666747211  -4.18  8.39  7.18  0  0  0  1  0  0  0  0.69  0.00  12.36  
5.727  101.7479817602777  95.44736066674722  -3.06  6.11  7.42  0  0  0  1  0  0  0  0.69  0.00  7.16  
5.75  101.84879817602777  95.56673606667472  -3.98  3.34  3.98  0  0  0  1  0  0  0  0.59  0.00  13.83  
5.774  102.04787981760278  95.20067360666748  -5.32  1.65  3.44  0  0  0  1  0  0  0  0.29  0.00  0.00  
5.797  102.43678798176028  94.70506736066675  -3.28  2.48  7.6  0  0  0  1  0  0  0  0.29  0.00  0.00  
5.821  102.78167879817602  93.74650673606666  0.1  6.8  13.86  0  0  0  1  0  0  0  0.29  0.00  0.00  
5.846  103.5991678798176  92.34565067360667  0.15  6.31  22.92  0  0  0  1  0  0  0  0.20  0.00  1.28  
5.869  105.14791678798176  89.98256506736067  2.79  4.53  38.49  0  0  0  0  0  0  0  0.10  0.00  1.18  
5.893  106.24779167879818  87.28925650673607  0.94  0.92  44.13  0  0  0  1  0  0  0  0.00  0.00  0.49  
5.916  106.52877916787983  85.48092565067361  3.53  2.34  46.02  0  0  0  1  0  0  0  0.00  0.00  0.39  
5.94  105.60287791678799  86.63209256506737  7.41  1.77  44.07  0  0  0  2  0  0  0  0.10  0.00  0.00  
5.963  103.32328779167878  91.24720925650674  15.13  2.37  40.32  0  0  0  2  0  0  0  0.29  0.00  0.00  
5.987  100.04432877916788  97.25272092565066  17.63  11.31  20.97  0  0  0  2  0  0  0  0.39  0.00  0.00  
6.011  101.10243287791678  99.35627209256506  15.34  -8.12  4.91  0  0  0  1  0  0  0  0.20  0.00  0.49  
6.035  102.73824328779168  98.04562720925652  8.95  -4.08  3.39  0  0  0  0  0  0  0  0.10  0.00  2.35  
6.059  102.54182432877917  98.54456272092564  3.4  -10.47  -0.45  0  0  0  0  0  0  0  0.29  0.00  1.86  
6.082  102.31518243287792  98.54045627209257  -4.44  -17.92  -7.96  0  0  0  1  0  0  0  0.29  0.00  0.59  
6.107  101.99551824328779  97.94604562720926  -5.78  -13.93  -13.21  0  0  0  1  0  0  0  0.39  0.00  1.86  
6.13  102.26055182432879  97.56260456272092  -9.41  -14.38  -14.21  1  1  0  2  0  0  0  0.39  0.00  0.88  
6.155  102.12505518243287  97.32626045627208  -10.37  -15.53  -13.14  2  1  0  2  0  0  0  0.69  0.00  0.29  
6.178  101.9495055182433  96.8346260456272  -12.5  -12.9  -11.68  3  2  0  3  0  0  0  0.88  0.00  0.49  
6.203  101.38295055182434  96.44346260456273  -10.08  -10.62  -8.21  3  2  0  3  0  0  0  1.47  0.00  0.00  
6.227  101.02929505518242  96.30534626045628  -8.18  -6.81  -4.9  3  3  0  4  0  0  0  2.35  0.00  0.00  
6.251  100.79592950551825  96.10253462604562  -7.3  -2.73  -1.86  4  3  0  5  0  0  0  3.14  0.00  27.76  
6.276  100.71859295055182  95.98325346260457  -6.73  0.98  2.37  4  3  0  5  0  0  0  3.83  0.00  0.00  
6.3  100.57585929505518  95.80932534626047  -5.11  1.94  6.99  4  3  0  5  0  0  0  4.81  0.00  0.00  
6.324  100.84058592950552  95.86393253462604  -5.13  3.23  8.34  4  3  0  6  0  0  0  5.59  0.00  0.00  
6.348  100.90305859295056  95.98639325346261  -4.95  8.01  8.34  4  3  0  6  0  0  0  5.89  0.00  0.00  
6.372  100.90030585929506  95.90863932534626  -3.93  8.89  8.92  3  3  0  6  0  0  1  5.89  0.00  0.00  
6.396  100.89103058592951  95.87386393253462  -7.13  9.47  8.39  3  3  0  6  0  0  1  5.69  1.28  0.00  
6.42  101.03410305859295  95.78938639325347  -7.19  8.28  7.63  3  3  0  6  0  0  2  6.38  2.26  0.00  
6.445  101.19241030585928  95.66393863932535  -7.27  6.63  5.38  3  3  0  6  0  0  2  7.06  3.34  0.00  
6.468  101.31624103058593  95.57039386393254  -5.31  6.58  4.08  3  3  0  6  0  0  3  7.75  4.12  0.00  
6.493  101.45462410305859  95.49803938639326  -4.36  5.33  3.63  3  3  0  6  0  1  3  7.85  4.61  0.00  
6.517  101.62146241030585  95.42780393863933  -4.19  3.07  2.95  3  3  0  6  0  1  3  8.04  4.81  0.00  
6.541  101.6741462410306  95.42078039386394  -7.08  1.56  1.49  3  3  0  6  0  1  3  8.14  4.91  0.00  
6.565  101.62541462410307  95.3840780393864  -7.34  0.73  1.15  3  3  0  6  0  1  3  9.03  5.40  0.00  
6.589  101.42254146241031  95.28140780393863  -7.56  2.24  0.69  3  3  0  6  0  1  4  9.91  6.18  0.00  
6.614  101.35725414624103  95.05514078039386  -6.63  2.03  1.32  3  3  0  7  0  1  4  10.59  6.97  0.00  
6.638  101.42272541462411  94.87051407803938  -5.56  2.37  1.55  3  3  0  7  0  1  4  11.18  8.04  0.00  
6.662  101.42927254146241  94.60905140780393  -6.2  5.4  0.15  3  3  0  7  0  1  4  11.67  9.32  0.29  
6.686  101.51092725414624  94.65490514078039  -7.38  4.08  0.25  3  3  0  7  0  2  4  12.07  11.09  0.59  
6.71  101.63609272541464  94.57849051407804  -6.05  3.22  -0.41  3  3  0  7  0  2  4  12.56  12.56  0.39  
6.734  101.70260927254147  94.43584905140781  -5.28  3.29  -2.82  3  3  0  7  0  1  4  13.34  12.95  0.00  
6.759  101.74526092725415  94.43958490514078  -3.5  2.41  -1.25  3  3  0  7  0  1  4  13.64  13.24  0.39  
6.784  101.83952609272541  94.39495849051409  -3.92  0.94  -0.33  2  3  0  7  0  1  4  13.44  13.34  0.59  
6.807  101.91195260927255  94.4354958490514  -4.08  0.0  0.62  2  3  0  7  0  1  4  13.44  13.64  0.39  
6.832  101.91019526092725  94.49354958490514  -3.95  1.66  0.91  2  3  0  7  0  1  4  13.54  13.93  0.49  
6.856  102.05401952609273  94.40935495849052  -4.85  -1.76  -0.68  2  3  0  7  0  1  4  13.73  14.03  0.00  
6.88  101.90640195260929  94.41893549584906  -4.08  -3.18  -0.24  2  3  0  7  0  1  4  13.64  14.13  0.20  
6.904  101.99064019526092  94.6268935495849  -3.19  -9.23  1.68  1  2  0  6  0  1  4  13.24  13.64  0.00  
6.929  101.9810640195261  94.68368935495849  -3.39  -15.25  3.01  1  2  0  5  0  0  3  12.36  12.46  0.00  
6.953  101.75510640195262  94.50036893549586  -4.29  -23.9  6.24  0  1  0  4  0  0  3  11.28  10.59  0.00  
6.977  101.21951064019525  94.42803689354959  -5.59  -27.82  7.45  0  1  0  4  0  0  2  10.10  8.24  0.00  
7.002  100.26595106401953  94.81680368935496  -6.96  -32.86  -1.68  0  1  0  3  0  0  1  8.63  3.92  0.00  
7.026  99.86459510640195  95.22468036893548  -30.53  9.45  -7.23  0  0  0  2  0  0  1  7.16  0.00  5.30  
7.05  99.95045951064019  94.68946803689354  -42.03  29.21  2.59  0  0  0  1  0  0  0  4.91  0.00  0.39  
7.073  100.30104595106403  93.75394680368936  -28.06  5.46  4.58  0  0  0  1  0  0  0  4.02  0.00  1.86  
7.098  100.41710459510642  93.66939468036892  -10.99  -0.06  -2.54  0  0  0  0  0  0  0  3.24  0.10  5.30  
7.121  100.44671045951064  94.6689394680369  15.06  2.35  -12.25  0  0  0  0  0  0  0  2.26  1.08  9.42  
7.145  100.81867104595106  96.2448939468037  31.69  3.83  -14.25  0  0  0  0  0  0  0  1.37  1.28  0.00  
7.17  100.8558671045951  97.33848939468037  35.53  1.47  -13.21  0  0  0  0  0  0  0  0.88  1.28  0.00  
7.193  101.0575867104595  98.30284893946803  28.78  5.78  -6.33  0  0  0  0  0  0  0  0.69  1.28  0.00  
7.217  101.43775867104596  98.59728489394679  16.47  4.44  5.14  0  0  0  0  0  0  0  0.69  1.28  0.00  
7.24  102.0697758671046  98.36572848939468  23.47  1.08  16.39  0  0  0  0  0  0  0  0.59  1.18  0.00  
7.264  102.47497758671045  98.69357284893947  29.74  -1.69  23.68  0  0  0  0  0  0  0  0.59  1.08  0.00  
7.287  101.77749775867105  98.99635728489395  11.79  6.23  37.15  0  0  0  0  0  0  0  0.59  0.88  0.39  
7.311  100.83474977586711  98.03663572848941  0.66  -13.37  42.89  0  0  0  0  0  0  0  0.59  0.78  0.10  
7.334  99.15647497758671  94.56566357284896  -27.11  34.21  28.6  0  0  0  0  0  0  0  0.49  0.49  0.00  
7.358  97.61164749775867  92.3555663572849  -14.03  7.69  1.24  0  0  0  0  0  0  0  0.49  0.20  0.00  
7.382  97.67316474977588  92.92655663572849  -9.69  -2.02  -12.89  0  0  0  0  0  0  0  0.88  1.77  2.84  
7.406  97.6883164749776  93.51465566357284  -7.6  -14.17  -14.79  0  0  0  1  0  0  0  1.57  2.45  0.00  
7.43  97.55483164749776  93.75346556635728  -9.22  -3.47  -11.33  0  0  0  1  0  0  0  2.16  1.77  1.47  
7.454  97.73948316474979  93.99334655663571  -9.89  1.0  -7.42  0  0  0  2  0  0  0  2.35  1.28  0.00  
7.478  97.88394831647499  94.00833465566357  -8.67  8.09  -1.52  0  0  0  2  0  0  1  3.04  0.69  0.00  
7.502  98.0963948316475  94.18083346556635  -6.63  9.51  -0.09  0  0  0  2  0  0  1  3.34  0.20  0.00  
7.526  98.53163948316474  94.38708334655662  -6.1  12.67  2.37  0  0  0  2  0  0  2  3.73  0.00  0.00  
7.55  98.73716394831646  94.54270833465566  -5.66  10.9  3.81  1  1  0  3  0  0  2  4.22  0.00  0.00  
7.574  98.92871639483165  94.70227083346558  -6.69  10.42  5.52  1  1  0  3  0  0  2  4.61  0.00  0.00  
7.599  99.09187163948316  94.70922708334655  -7.66  8.73  3.95  1  1  0  3  0  1  3  4.91  0.00  0.00  
7.622  99.30618716394832  94.69192270833466  -6.76  10.38  4.26  1  1  0  4  0  1  3  5.40  0.00  0.00  
7.647  99.60661871639483  94.81619227083345  -7.15  8.73  4.06  1  2  0  4  0  1  4  6.28  0.00  0.00  
7.67  99.87966187163948  94.79261922708335  -7.15  7.89  5.14  2  2  0  4  0  1  5  6.87  0.00  0.00  
7.695  100.16796618716396  94.74526192270832  -7.69  7.78  5.52  2  2  0  5  0  1  5  7.46  0.00  0.00  
7.718  100.4757966187164  94.65052619227083  -7.66  7.06  5.67  2  2  0  5  0  2  6  8.04  0.00  0.29  
7.743  100.64157966187163  94.57805261922708  -7.94  7.01  5.66  3  2  0  6  0  2  6  8.83  0.59  0.20  
7.767  100.82915796618715  94.5258052619227  -8.5  7.31  6.19  3  2  0  6  0  2  6  9.71  1.57  0.69  
7.791  101.11791579661872  94.41258052619227  -7.41  6.71  7.05  3  3  0  6  0  2  7  10.69  2.75  0.29  
7.815  101.29979157966187  94.32025805261924  -7.56  7.56  7.74  3  3  0  7  0  2  8  12.26  3.92  0.78  
7.839  101.3899791579662  94.29302580526192  -8.09  6.15  6.64  3  3  0  7  0  3  8  13.54  5.20  0.20  
7.863  101.40799791579663  94.11930258052618  -7.43  5.71  4.77  4  3  0  7  0  3  8  14.81  6.38  0.10  
7.887  101.50879979157966  93.95793025805263  -7.47  5.41  2.31  4  3  0  8  0  3  9  16.09  7.16  0.00  
7.911  101.68087997915796  93.83379302580526  -6.76  5.22  2.37  4  3  0  8  0  3  9  16.78  7.95  0.00  
7.936  101.8690879979158  93.74937930258052  -5.85  6.09  3.27  4  4  0  8  0  3  10  17.46  8.73  0.00  
7.96  102.08590879979158  93.66893793025804  -5.6  5.95  4.4  4  4  0  8  0  4  10  17.95  9.52  0.10  
7.984  102.19759087997915  93.58889379302579  -5.34  6.12  4.63  4  4  0  9  0  4  10  18.44  10.20  0.29  
8.008  102.39775908799791  93.51788937930259  -5.17  5.63  4.45  4  4  0  9  0  4  11  18.54  10.40  0.10  
8.033  102.49877590879979  93.47478893793026  -5.48  4.22  4.09  4  4  0  9  0  4  11  18.64  10.69  0.10  
8.056  102.53587759087998  93.41647889379303  -5.96  3.56  2.48  5  4  0  9  0  5  12  18.84  11.09  0.20  
8.081  102.620587759088  93.3116478893793  -6.23  2.3  2.31  5  4  0  9  0  5  0  19.13  11.58  0.20  
8.105  102.6830587759088  93.17516478893792  -5.42  3.26  1.44  5  4  0  9  0  5  0  19.42  12.07  0.00  
8.129  102.75230587759089  93.08051647889378  -4.6  3.63  0.95  5  4  0  9  0  5  1  19.33  12.56  0.29  
8.154  102.8582305877591  93.00805164788937  -3.73  3.57  0.21  5  5  0  9  0  5  1  18.74  12.75  0.39  
8.178  102.9858230587759  92.91080516478895  -3.97  2.93  0.2  5  5  0  9  0  5  1  18.44  12.85  0.39  
8.202  103.1335823058776  92.86508051647888  -3.94  2.54  0.19  5  5  0  9  0  5  1  18.25  13.05  0.39  
8.226  103.24735823058776  92.82450805164788  -3.3  2.92  0.43  5  5  0  10  0  6  2  18.05  13.15  0.49  
8.251  103.29473582305877  92.7664508051648  -2.91  2.71  0.32  5  5  0  10  0  6  2  17.95  13.24  0.49  
8.274  103.35347358230588  92.76064508051648  -2.45  1.98  -0.44  5  5  0  10  0  6  2  17.85  13.34  0.49  
8.299  103.4673473582306  92.73306450805165  -2.15  1.95  -0.16  5  5  0  10  0  6  1  17.56  13.05  0.69  
8.324  103.49673473582307  92.74830645080517  -2.1  1.83  -0.42  5  5  0  10  0  5  1  17.27  12.85  0.49  
8.348  103.49067347358229  92.82183064508051  -2.14  1.76  -0.75  5  5  0  10  0  5  0  16.97  12.56  0.39  
8.372  103.42706734735823  92.83818306450806  -2.82  1.05  -1.45  5  5  0  10  0  5  0  16.78  12.16  0.49  
8.396  103.47470673473583  92.89381830645081  -3.01  0.53  -0.87  6  5  0  10  0  5  12  16.68  11.97  0.78  
8.421  103.46147067347357  92.9263818306451  -3.0  0.44  -0.92  6  5  0  10  0  5  12  16.58  11.77  0.10  
8.445  103.49614706734737  92.91163818306451  -2.73  0.08  -0.31  6  5  0  10  0  5  12  16.38  11.67  0.10  
8.47  103.47261470673473  92.95516381830645  -3.11  0.08  -0.43  6  5  0  10  0  5  12  16.38  11.18  0.39  
8.495  103.55126147067348  93.01351638183064  -3.49  0.38  -0.34  6  5  0  10  0  5  12  16.09  11.09  0.39  
8.519  103.54112614706736  93.05535163818307  -3.4  0.54  -0.12  6  5  0  10  0  5  12  15.99  10.99  0.39  
8.543  103.45911261470674  93.00553516381831  -2.83  0.84  0.16  6  5  0  10  0  5  11  15.89  10.79  0.39  
8.567  103.53191126147068  92.99155351638183  -2.88  1.04  0.39  6  5  0  10  0  5  11  15.70  10.50  0.39  
8.592  103.51219112614707  93.01715535163818  -2.62  1.0  0.76  6  5  0  10  0  5  11  15.60  10.30  0.59  
8.616  103.5912191126147  92.97471553516382  -2.52  1.21  0.98  6  5  0  10  0  5  11  15.40  10.30  0.49  
8.641  103.58112191126146  92.98847155351638  -2.27  1.08  0.79  5  5  0  10  0  5  11  15.30  10.10  0.49  
8.665  103.58011219112613  92.98984715535164  -2.52  1.24  0.48  5  5  0  10  0  5  11  14.91  9.91  0.39  
8.689  103.5530112191126  92.99898471553516  -3.03  1.12  -0.24  5  5  0  10  0  4  11  14.81  9.61  0.39  
8.714  103.57730112191125  93.04489847155352  -2.76  0.77  0.64  5  5  0  10  0  4  11  14.72  9.61  0.49  
8.738  103.63373011219112  93.13948984715536  -2.76  1.08  0.91  5  5  0  9  0  4  11  14.62  9.42  0.39  
8.762  103.62137301121912  93.12194898471554  -2.94  1.19  1.76  5  5  0  9  0  4  11  14.42  9.12  0.29  
8.786  103.62013730112191  93.17419489847157  -2.87  1.16  1.5  5  5  0  9  0  4  11  14.42  9.12  0.00  
8.811  103.62001373011219  93.17041948984716  -3.01  1.66  1.16  5  5  0  9  0  4  11  14.42  9.12  0.10  
8.835  103.61100137301122  93.1070419489847  -2.98  1.4  1.0  5  5  0  9  0  4  11  14.52  9.12  0.20  
8.859  103.66410013730112  93.14570419489847  -3.07  1.09  1.47  5  5  0  9  0  4  11  14.62  9.32  0.00  
8.883  103.6874100137301  93.12257041948985  -3.15  0.86  2.44  6  5  0  10  0  5  11  14.72  9.22  0.10  
8.907  103.662741001373  93.17425704194899  -3.33  1.28  2.41  6  5  0  10  0  5  11  14.72  9.42  0.20  
8.932  103.6962741001373  93.17042570419491  -3.79  1.26  2.27  6  5  0  10  0  5  11  14.81  9.42  0.10  
8.956  103.73562741001373  93.16104257041948  -3.94  1.41  2.01  6  5  0  10  0  5  11  14.81  9.61  0.10  
8.98  103.79356274100138  93.11510425704195  -4.26  1.05  2.08  6  5  0  10  0  5  11  15.11  9.81  0.20  
9.005  103.74535627410013  93.13751042570419  -4.44  1.02  1.24  6  5  0  10  0  5  11  15.21  10.10  0.20  
9.029  103.76753562741001  93.11275104257042  -4.5  0.61  1.08  6  5  0  10  0  5  12  15.40  10.59  0.00  
9.054  103.697753562741  93.10127510425703  -4.55  0.85  1.01  6  5  0  10  0  5  12  15.70  10.79  0.29  
9.077  103.6997753562741  93.0281275104257  -3.91  0.56  0.87  6  5  0  10  0  5  12  15.89  11.09  0.10  
9.102  103.62797753562742  93.02081275104257  -4.02  1.32  0.5  6  5  0  10  0  5  12  15.99  11.18  0.29  
9.126  103.63879775356274  92.96608127510426  -3.56  0.98  0.56  6  5  0  10  0  5  12  15.99  11.28  0.10  
9.151  103.69387977535627  93.03260812751043  -3.36  0.64  0.69  6  5  0  10  0  5  12  16.09  11.38  0.20  
9.175  103.61838797753562  93.05726081275105  -3.63  0.73  0.36  6  5  0  10  0  5  12  16.09  11.38  0.20  
9.199  103.61083879775356  92.99672608127511  -3.66  0.23  0.43  6  5  0  10  0  5  12  15.99  11.28  0.10  
9.224  103.61908387977536  92.99967260812751  -3.49  0.57  0.73  6  5  0  10  0  5  12  15.99  11.28  0.00  
9.248  103.60190838797753  92.99996726081275  -3.28  0.34  0.91  6  5  0  10  0  5  12  15.99  11.18  0.00  
9.273  103.60019083879774  92.99999672608128  -3.3  0.24  0.48  6  5  0  10  0  5  12  15.79  10.99  0.39  
9.296  103.55501908387977  92.96399967260813  -3.37  0.16  0.44  6  5  0  10  0  5  12  15.79  10.89  0.10  
9.321  103.55950190838799  92.96039996726081  -3.27  0.13  0.65  6  5  0  10  0  5  12  15.70  10.69  0.00  
9.346  103.56895019083879  92.98703999672608  -3.42  0.88  0.69  6  5  0  10  0  5  12  15.60  10.59  0.00  
9.37  103.47989501908388  92.97170399967261  -3.37  0.95  0.47  6  5  0  10  0  5  12  15.70  10.69  0.10  
9.395  103.5249895019084  92.97017039996726  -3.18  1.15  0.65  6  5  0  10  0  5  12  15.70  10.69  0.29  
9.418  103.52049895019083  92.96101703999673  -3.01  1.25  1.02  6  5  0  10  0  5  12  15.79  10.79  0.29  
9.443  103.51104989501908  92.96910170399967  -3.13  1.31  0.79  6  5  0  10  0  5  12  15.79  10.79  0.39  
9.467  103.5641049895019  92.92491017039997  -3.36  0.91  0.72  6  5  0  10  0  5  12  15.89  10.79  0.20  
9.492  103.58741049895019  92.91149101703999  -3.05  0.66  0.73  6  5  0  10  0  5  12  15.79  10.79  0.29  
9.517  103.58074104989501  92.919149101704  -3.1  0.63  0.57  6  5  0  10  0  5  12  15.60  10.89  0.29  
9.54  103.57107410498949  92.91091491017039  -3.17  0.68  0.36  6  5  0  10  0  5  12  15.60  10.79  0.39  
9.565  103.60610741049894  92.94609149101704  -3.11  0.34  0.06  6  5  0  10  0  5  12  15.50  10.79  0.20  
9.589  103.63661074104989  92.9586091491017  -3.24  0.55  0.31  6  5  0  10  0  5  12  15.40  10.59  0.10  
9.614  103.63066107410498  92.96886091491017  -3.27  -0.18  0.41  6  5  0  10  0  5  12  15.30  10.59  0.10  
9.638  103.63906610741049  92.98788609149102  -3.37  -0.31  0.6  6  5  0  10  0  5  12  15.40  10.59  0.00  
9.662  103.62190661074106  92.9807886091491  -3.55  0.03  1.23  6  5  0  10  0  5  12  15.40  10.59  0.00  
9.687  103.56619066107412  92.98007886091492  -3.38  0.15  1.53  6  5  0  10  0  5  12  15.50  10.59  0.00  
9.711  103.53361906610742  92.9800078860915  -3.71  0.52  1.44  6  5  0  10  0  5  12  15.60  10.69  0.00  
9.736  103.51236190661075  92.97100078860915  -4.17  0.98  2.01  6  5  0  10  0  5  12  15.79  10.89  0.20  
9.76  103.51923619066106  92.96110007886091  -4.4  0.31  1.62  6  5  0  10  0  5  12  15.99  11.09  0.10  
9.784  103.5289236190661  92.95111000788609  -4.82  -0.53  1.41  6  5  0  10  0  5  0  16.38  11.48  0.00  
9.808  103.5658923619066  92.95911100078861  -4.85  -1.37  1.5  6  5  0  11  0  6  0  16.68  11.77  0.00  
9.833  103.55158923619065  92.89691110007885  -4.71  -1.11  1.15  6  5  0  11  0  6  1  16.68  11.97  0.00  
9.858  103.49615892361905  92.89069111000788  -4.57  -0.69  0.78  6  5  0  11  0  6  1  16.78  12.07  0.29  
9.882  103.38261589236191  92.8000691110008  -4.69  -0.88  0.15  6  5  0  11  0  6  1  17.07  12.16  0.20  
9.906  103.3622615892362  92.74600691110007  -4.34  -0.79  0.24  6  5  0  11  0  6  2  17.17  12.26  0.10  
9.93  103.39622615892362  92.74060069111  -3.94  -0.2  0.79  6  5  0  11  0  6  2  17.27  12.36  0.20  
9.955  103.39062261589237  92.740060069111  -3.54  -0.49  0.98  6  5  0  11  0  6  2  17.36  12.46  0.00  
9.979  103.42606226158924  92.7580060069111  -3.27  -0.73  1.81  6  5  0  11  0  6  2  17.46  12.26  0.00  
10.004  103.39360622615892  92.77780060069112  -3.14  -0.22  2.29  6  5  0  11  0  6  2  17.17  12.07  0.00  
10.029  103.33636062261589  92.7707800600691  -3.37  -0.69  2.21  6  5  0  11  0  6  2  17.07  11.97  0.00  
10.053  103.27663606226159  92.73407800600691  -3.86  -0.88  1.78  6  5  0  11  0  6  2  16.87  11.77  0.00  
10.078  103.20766360622616  92.6854078006007  -3.79  -1.06  1.28  6  5  0  11  0  6  2  16.97  11.77  0.10  
10.102  103.11976636062262  92.67154078006007  -3.52  -0.95  1.31  6  5  0  11  0  6  2  17.07  11.77  0.10  
10.127  103.13797663606226  92.661154078006  -3.55  -0.72  1.28  6  5  0  11  0  6  2  17.17  11.67  0.10  
10.15  103.15779766360622  92.6421154078006  -3.46  -0.18  1.24  6  5  0  11  0  6  2  16.97  11.67  0.10  
10.175  103.06977976636063  92.63121154078006  -3.92  -0.58  0.95  6  5  0  11  0  6  2  17.17  11.67  0.29  
10.2  103.12397797663606  92.56712115407801  -4.41  -3.02  0.71  6  5  0  11  0  6  3  17.27  11.77  0.29  
10.224  103.11139779766361  92.45271211540779  -4.53  -3.05  1.55  6  6  0  11  0  6  3  17.36  11.67  0.39  
10.249  103.02913977976637  92.45927121154078  -4.01  -2.64  2.52  6  6  0  11  0  6  4  17.56  11.38  0.20  
10.273  102.88591397797664  92.46892712115408  -3.73  -2.46  1.53  6  6  0  11  0  6  4  17.46  11.09  0.00  
10.298  102.76359139779767  92.45189271211541  -3.33  -1.41  1.89  6  6  0  11  0  6  4  17.36  10.79  0.00  
10.322  102.55335913977976  92.45918927121154  -2.82  -0.73  1.53  6  6  0  11  0  6  4  17.27  10.50  0.00  
10.347  102.47833591397797  92.44191892712115  -3.01  -0.54  0.85  6  6  0  11  0  6  4  17.17  10.30  0.00  
10.371  102.45283359139779  92.37719189271212  -2.59  -0.18  0.42  7  6  0  11  0  6  4  17.17  10.20  0.00  
10.395  102.45928335913977  92.3527191892712  -2.64  0.47  -0.49  7  6  0  11  0  6  4  17.17  10.30  0.20  
10.42  102.41492833591397  92.36827191892712  -2.59  0.35  -0.94  7  6  0  11  0  6  5  17.17  10.40  0.29  
10.444  102.28449283359139  92.36082719189271  -2.66  1.0  -2.22  7  6  0  11  0  6  5  17.17  10.50  0.20  
10.469  102.33444928335915  92.40508271918927  -3.58  0.55  -2.85  7  6  0  11  0  6  5  17.27  10.69  0.49  
10.493  102.47444492833591  92.44550827191892  -3.08  -0.02  -0.83  7  6  0  11  0  6  5  17.46  10.79  0.39  
10.518  102.4974444928336  92.49455082719189  -3.16  -0.98  0.59  7  6  0  11  0  6  5  17.66  10.79  0.39  
10.543  102.48174444928335  92.49945508271918  -3.19  -1.86  0.89  7  6  0  11  0  6  5  17.66  10.89  0.29  
10.567  102.46217444492834  92.49994550827192  -2.86  -1.74  1.07  7  6  0  11  0  6  5  17.66  10.79  0.39  
10.592  102.38821744449282  92.53599455082718  -2.89  -2.12  0.55  7  6  0  11  0  6  5  17.76  10.89  0.00  
10.616  102.35382174444928  92.52159945508272  -3.02  -3.78  0.61  7  6  0  11  0  6  5  17.76  10.89  0.00  
10.64  102.24238217444493  92.49315994550827  -2.76  -5.24  1.18  7  6  0  11  0  6  5  17.85  11.18  0.00  
10.664  102.1322382174445  92.56231599455083  -3.48  -7.57  0.92  7  6  0  12  0  6  5  17.76  11.18  0.00  
10.689  101.99522382174446  92.50623159945508  -2.36  -10.83  1.52  7  6  0  11  0  6  4  17.66  11.38  0.00  
10.714  101.90052238217444  92.4916231599455  2.98  -10.53  7.75  5  5  0  11  0  5  2  17.27  11.18  0.00  
10.738  101.90005223821746  92.90416231599455  5.82  -14.47  15.05  3  4  0  9  0  4  11  16.28  10.50  0.00  
10.763  102.04400522382174  93.98041623159945  -14.09  -68.89  1.05  1  3  0  7  0  3  10  13.64  8.83  0.39  
10.787  100.66340052238218  94.09704162315994  -88.25  -28.89  26.47  0  2  0  4  0  2  9  12.16  6.47  5.79  
10.812  100.22834005223822  94.369704162316  -134.63  17.24  36.92  0  1  0  3  0  1  6  10.01  0.00  0.00  
10.836  100.71583400522383  93.7309704162316  -155.17  23.85  19.02  0  1  0  2  0  1  2  7.75  0.00  0.29  
10.861  101.19658340052239  93.37909704162315  -131.36  -23.44  3.22  0  0  0  1  0  1  0  7.06  0.00  6.57  
10.885  100.86665834005224  96.05290970416232  -73.2  -20.51  -0.09  0  0  0  0  0  1  0  3.83  1.86  17.56  
10.909  101.55366583400522  102.26929097041624  -20.61  -47.22  -7.76  0  0  0  0  0  1  0  0.39  2.26  17.36  
10.934  100.02936658340052  109.47892909704163  12.73  -45.4  18.21  0  0  0  0  0  1  0  0.20  0.98  0.00  
10.957  97.92393665834005  115.22189290970417  28.82  -43.81  36.11  0  0  0  0  0  1  0  0.10  3.63  0.00  
10.981  95.742393665834  118.64918929097043  54.29  -26.66  34.39  0  0  0  0  0  1  0  0.20  2.26  0.00  
11.005  93.80523936658341  119.99991892909705  70.5  -11.87  20.99  0  0  0  0  0  1  0  0.10  2.16  0.49  
11.029  92.52252393665833  119.42399189290971  80.59  4.86  -4.18  0  0  0  0  0  1  0  0.10  1.77  3.04  
11.054  91.78225239366583  118.73639918929096  91.4  20.06  -34.04  0  0  0  0  0  1  0  0.00  1.57  1.77  
11.077  92.26622523936658  118.6496399189291  101.64  32.97  -64.53  0  0  0  0  0  1  0  0.00  1.47  0.00  
11.102  92.17062252393666  118.41596399189291  110.34  37.21  -75.15  0  0  0  0  0  1  0  0.00  1.37  0.00  
11.125  92.18806225239366  119.16659639918929  115.09  31.07  -68.38  0  0  0  0  0  1  0  0.00  1.47  0.00  
11.149  92.79280622523936  119.28665963991892  116.83  28.06  -49.31  0  0  0  0  0  1  0  0.10  1.28  0.69  
11.173  93.28528062252394  118.5336659639919  108.43  13.35  -23.66  0  0  0  0  0  1  0  0.00  1.57  0.00  
11.197  93.49652806225238  116.65836659639919  96.5  3.29  -2.68  0  0  0  1  0  1  0  0.00  1.67  0.00  
11.22  93.48165280622524  113.86083665963992  90.29  -5.24  8.81  0  0  0  1  0  1  0  0.10  1.77  0.20  
11.244  93.47116528062253  110.31408366596399  74.54  -6.48  11.76  0  0  0  1  0  1  0  0.10  1.67  0.00  
11.269  93.49711652806226  105.5674083665964  43.97  -1.51  9.68  0  0  0  1  0  1  0  0.00  1.77  0.00  
11.292  93.76071165280622  99.48574083665964  13.66  9.93  6.27  0  0  0  1  0  1  0  0.00  1.77  0.00  
11.316  91.24007116528061  90.74157408366595  -9.72  52.93  -9.27  0  0  0  1  0  1  0  0.00  1.86  0.00  
11.339  92.46400711652807  84.8361574083666  -126.46  66.02  5.13  0  0  0  0  0  1  0  0.00  1.96  0.00  
11.363  94.63840071165279  78.02661574083665  -167.68  -14.18  5.89  0  0  0  0  0  1  0  0.00  4.22  0.69  
11.386  95.18884007116529  80.98166157408366  -132.13  42.48  -6.15  0  0  0  0  0  1  0  0.20  11.38  0.00  
11.411  91.67088400711653  81.46616615740837  -82.52  51.03  -45.72  0  0  0  1  0  1  0  0.20  15.30  6.08  
11.436  96.82708840071166  80.13761661574084  -69.5  51.05  -22.82  0  0  0  5  0  0  0  3.34  6.97  18.54  
11.46  96.60470884007117  81.59776166157408  -48.46  6.69  -22.98  7  2  0  9  0  3  2  21.48  10.10  12.85  
11.485  97.9774708840071  82.69777616615741  -35.18  7.42  -14.31  11  3  0  12  1  5  3  33.75  7.55  0.00  
11.509  98.4117470884007  84.04977761661574  -33.91  3.5  -16.56  2  4  0  6  1  7  5  44.24  7.26  0.00  
11.534  99.21117470884008  85.15697776166158  -27.39  -1.16  -6.18  6  5  0  11  1  8  6  51.40  12.26  0.00  
11.558  99.66011747088399  86.30269777616616  -18.11  4.42  0.67  7  6  0  13  1  9  5  54.54  17.46  0.00  
11.583  99.6150117470884  87.02026977761662  -10.8  5.45  3.4  4  5  0  14  6  9  8  57.09  22.86  2.94  
11.607  100.06950117470885  88.03702697776167  -7.67  5.69  7.95  11  5  0  12  7  9  8  53.37  28.35  0.00  
11.631  100.67295011747088  88.93070269777617  -7.96  -2.68  8.84  8  4  0  8  7  10  8  46.89  35.90  0.00  
11.656  101.06629501174709  89.4160702697776  -3.99  -11.05  14.89  4  3  0  3  6  10  9  39.63  39.34  0.00  
11.681  100.23262950117471  89.51860702697776  -15.07  20.71  37.73  1  3  0  10  7  10  10  35.32  41.01  0.00  
11.706  100.21226295011746  90.02386070269777  -18.31  33.85  45.37  0  2  0  8  7  10  11  31.78  41.69  0.00  
11.73  101.12822629501174  89.61538607026978  -23.89  50.04  47.08  0  2  0  5  8  10  9  27.47  42.08  0.00  
11.755  102.42582262950117  89.04353860702699  -20.37  31.0  34.4  0  1  0  3  8  10  8  26.59  42.67  0.20  
11.78  103.67158226295012  88.6533538607027  -19.41  22.73  21.76  0  1  0  2  8  10  9  25.90  43.46  1.77  
11.804  104.687158226295  87.73233538607028  -13.85  8.44  15.27  0  1  0  2  8  11  6  26.68  44.34  0.78  
11.829  105.4907158226295  87.27123353860704  -6.86  -1.55  12.34  0  1  0  3  8  11  8  27.86  45.13  0.00  
11.853  105.79607158226295  86.43312335386071  1.24  -8.79  7.49  0  1  0  3  8  11  10  29.14  45.52  0.00  
11.878  105.8716071582263  86.87131233538608  4.44  -9.25  11.92  0  1  0  4  7  11  10  32.47  44.05  0.00  
11.902  105.24016071582264  87.3111312335386  2.05  -13.27  9.08  0  1  0  5  7  11  10  35.81  41.59  0.00  
11.927  104.42101607158227  87.89511312335387  -11.8  -13.72  1.19  0  1  0  7  6  12  12  39.73  39.73  0.00  
11.952  103.69110160715822  88.55651131233537  -27.24  -4.55  4.08  0  1  0  7  6  1  8  43.95  39.83  0.00  
11.976  103.42911016071582  88.84765113123353  -45.94  -2.27  8.31  0  1  0  8  7  2  22  48.66  39.44  2.45  
12.001  103.07891101607159  89.02076511312336  -63.42  -8.45  15.05  0  1  0  7  7  5  8  56.70  37.96  0.00  
12.025  102.62089110160716  88.67807651131233  -84.97  -7.53  19.89  0  1  0  5  8  8  10  61.31  35.22  0.49  
12.05  102.33208911016071  88.11280765113123  -109.77  2.44  22.19  0  0  0  3  8  11  39  63.67  32.37  2.65  
12.075  102.12320891101606  87.76828076511313  -142.05  1.14  39.66  0  0  0  2  8  14  32  64.16  29.82  5.69  
12.099  102.63332089110162  87.83282807651132  -182.89  8.99  61.16  0  0  0  2  8  18  48  61.61  25.90  7.36  
12.124  103.44033208911017  88.42428280765112  -235.31  15.75  82.59  0  0  0  3  8  19  11  44.83  18.84  10.99  
12.149  105.33003320891102  88.02442828076511  -250.14  30.79  122.97  0  0  0  6  6  20  19  27.37  15.01  13.93  
12.174  105.0870033208911  86.3734428280765  -250.14  23.23  93.13  0  0  0  5  3  13  8  18.25  13.44  5.49  
12.198  106.8537003320891  86.57734428280764  -243.4  46.75  55.61  0  0  0  1  1  9  10  5.49  8.34  0.00  
12.223  111.88137003320891  85.00473442828076  -115.34  15.21  106.62  0  0  0  0  1  9  2  0.00  7.26  0.00  
12.248  113.13113700332089  83.92947344282808  43.56  -20.71  123.93  0  0  0  0  2  9  0  0.00  8.63  0.00  
12.272  115.95611370033208  86.91794734428281  28.29  -52.04  15.21  0  0  0  0  2  9  0  0.00  8.63  6.77  
12.296  120.46861137003322  97.60279473442829  10.43  -47.6  -23.22  0  0  0  0  2  9  0  0.00  0.59  23.74  
12.32  114.40386113700332  107.53627947344282  33.82  -50.08  -35.21  0  0  0  0  2  9  0  0.00  2.26  1.18  
12.345  110.11638611370033  111.94962794734428  84.27  -17.85  -39.95  0  0  0  0  2  9  0  0.00  38.06  0.00  
12.368  106.36663861137004  115.46896279473442  148.83  0.99  -19.1  0  0  0  0  2  9  0  0.00  14.62  0.00  
12.393  101.698663861137  114.58789627947344  201.37  42.08  -7.61  0  0  0  0  2  9  0  0.00  12.26  0.00  
12.418  97.82986638611371  113.22178962794733  226.23  65.37  -21.79  0  0  0  0  2  9  0  0.00  7.16  0.00  
12.441  94.01398663861139  111.25817896279474  224.52  39.63  -16.77  0  0  0  0  2  9  0  0.00  15.70  0.39  
12.466  91.61639866386113  108.31681789627947  223.98  28.91  -6.66  0  0  0  0  2  9  0  0.00  79.46  0.00  
12.489  89.69363986638612  104.98968178962795  231.67  6.76  -13.91  0  0  0  0  2  9  0  0.00  32.67  1.77  
12.514  88.6103639866386  101.6509681789628  213.63  -3.14  -30.86  0  0  0  0  2  9  0  0.00  29.23  0.29  
12.537  88.56503639866386  98.44609681789629  170.33  -0.5  -44.69  0  0  0  0  2  9  0  0.00  30.90  0.00  
12.562  89.82050363986639  94.75960968178961  132.05  14.47  -46.69  0  0  0  0  3  9  0  0.00  96.24  0.00  
12.585  91.71905036398664  90.40396096817895  95.73  49.36  -33.73  0  0  0  1  0  9  0  0.00  108.79  0.00  
12.61  94.94190503639865  84.7213960968179  47.23  85.92  -42.17  0  0  0  1  2  9  0  0.00  108.79  0.39  
12.634  99.49419050363986  77.7271396096818  -5.67  44.96  -58.67  0  0  0  1  3  9  0  0.00  92.12  1.96  
12.658  101.88441905036399  71.12371396096817  22.21  -52.09  -83.34  0  0  0  1  2  9  0  0.00  108.69  2.26  
12.683  103.3204419050364  66.60237139609681  -56.69  -52.02  -60.25  0  0  0  2  1  1  2  0.00  56.51  0.20  
12.707  101.25904419050364  72.72923713960968  -46.82  6.7  -91.43  0  0  0  6  3  5  7  4.41  68.08  0.00  
12.732  100.98990441905035  75.69992371396097  -51.3  -26.35  -48.46  0  1  0  9  4  9  12  14.91  18.25  0.00  
12.756  99.83799044190502  77.15799237139609  -28.5  0.5  -27.73  3  1  0  10  4  12  10  25.31  26.88  1.28  
12.782  103.10679904419051  78.8877992371396  -27.53  26.42  -22.65  6  2  0  0  4  3  16  32.37  44.73  0.69  
12.807  103.44267990441905  80.49177992371396  -11.0  13.96  -6.4  7  4  0  5  5  6  20  36.69  78.87  0.00  
12.831  103.46726799044191  82.0291779923714  -13.12  8.24  -10.47  8  5  0  8  5  8  22  39.63  29.92  0.00  
12.856  103.19072679904419  83.46091779923715  -13.33  0.33  -10.93  9  6  0  10  5  9  23  42.67  51.89  0.00  
12.88  103.44207267990441  84.43209177992372  -9.72  -0.64  -5.39  9  7  0  11  5  10  23  45.62  92.41  0.00  
12.906  103.52120726799045  85.47420917799238  -8.27  -1.63  -0.6  9  7  0  12  5  10  24  48.46  51.11  0.10  
12.931  103.75412072679904  86.55942091779926  -7.66  -2.21  2.57  8  8  0  12  5  11  25  50.42  33.26  0.00  
12.955  103.40841207267991  87.04594209177992  -4.42  2.67  3.95  8  8  0  12  5  11  25  51.40  32.57  0.00  
12.98  103.40084120726799  87.652594209178  -0.95  6.6  6.51  8  8  0  12  5  10  24  51.11  32.18  0.00  
13.004  103.5530841207268  88.2982594209178  -0.49  6.02  6.73  8  8  0  12  4  10  24  48.95  32.27  0.00  
13.029  103.55030841207267  88.76782594209178  1.26  6.57  7.37  9  8  0  13  4  10  24  46.70  32.08  0.00  
13.053  103.48703084120727  89.26478259420917  1.02  6.97  7.77  9  8  0  13  4  10  24  44.73  31.98  0.00  
13.078  103.32770308412073  89.62947825942092  0.86  5.74  5.01  10  9  0  13  4  10  24  42.87  31.78  0.10  
13.103  103.00577030841207  89.83694782594209  3.04  4.52  -0.99  10  9  0  13  4  9  23  40.71  31.98  0.10  
13.128  103.1355770308412  90.26269478259422  -0.9  0.53  -6.36  10  9  0  13  3  8  22  38.26  31.98  0.29  
13.153  102.84255770308413  90.17926947825943  -3.37  0.7  -7.93  11  9  0  13  3  6  20  37.08  31.88  0.59  
13.177  102.7502557703084  89.99992694782594  -3.88  7.01  -14.71  11  9  0  14  3  5  17  37.87  32.96  1.28  
13.202  103.25402557703083  90.8099926947826  -0.42  2.41  -11.4  0  10  0  13  2  2  12  39.24  47.28  4.41  
13.227  102.89940255770308  91.43999926947826  5.53  5.54  -6.92  2  10  0  13  2  12  7  39.93  41.79  8.53  
13.252  102.76494025577031  91.86299992694782  1.53  3.76  -7.88  2  10  0  13  2  11  5  38.85  26.29  8.53  
13.277  102.71549402557702  92.0222999926948  3.05  5.52  -4.31  2  10  0  13  1  11  2  37.38  27.27  4.32  
13.301  103.0795494025577  92.19122999926947  3.97  3.89  -2.52  2  10  0  12  1  10  0  35.51  27.47  2.94  
13.326  103.35895494025577  92.44212299992694  5.51  4.46  -0.29  0  10  0  11  1  9  11  32.77  28.35  2.84  
13.35  103.60289549402557  92.80021229999271  6.37  1.86  1.96  12  9  0  8  1  8  11  27.27  28.84  2.16  
13.375  103.75328954940255  93.08802122999927  9.02  -0.17  4.74  11  9  0  6  1  8  10  23.15  39.53  1.47  
13.4  103.83132895494026  93.50380212299991  5.5  -4.25  3.77  10  9  0  4  0  7  9  19.42  40.61  1.67  
13.424  103.79413289549403  93.68038021229998  1.83  -7.53  1.55  10  8  0  3  0  7  9  16.68  43.07  0.88  
13.449  103.52941328954941  93.84203802123  -0.36  -8.5  -1.08  10  8  0  1  0  6  8  15.11  63.08  0.69  
13.473  103.48494132895495  94.02920380212299  -0.26  -8.21  0.33  10  8  0  11  0  6  8  14.22  70.53  0.98  
13.498  103.30949413289551  94.2009203802123  1.47  -9.57  2.98  9  8  0  10  0  6  7  12.36  75.73  0.88  
13.522  103.12094941328954  94.33509203802122  3.89  -11.21  5.37  8  7  0  9  0  5  7  10.99  73.08  0.78  
13.547  102.94009494132895  94.53750920380212  4.15  -13.33  5.18  7  6  0  8  0  4  6  9.52  80.44  0.00  
13.571  102.7690094941329  94.71975092038019  3.22  -17.42  5.98  5  6  0  7  0  3  5  7.75  80.74  0.49  
13.595  102.45490094941329  94.77397509203803  1.21  -18.42  7.6  4  5  0  6  0  3  4  6.38  82.70  0.29  
13.62  102.08149009494134  94.7793975092038  1.92  -16.92  9.69  3  4  0  5  0  3  3  5.20  82.70  0.20  
13.644  101.63014900949413  94.94193975092037  1.64  -11.69  10.05  2  4  0  4  0  2  3  3.04  41.40  0.78  
13.669  101.1800149009494  95.03919397509203  1.51  -9.71  10.69  2  3  0  4  0  2  2  1.96  47.48  0.00  
13.692  100.96400149009494  95.11191939750921  1.18  -9.09  10.45  1  3  0  3  0  1  2  0.98  41.69  0.00  
13.717  100.7354001490095  95.13719193975092  0.46  -8.52  11.01  1  2  0  3  0  1  2  0.69  42.67  0.00  
13.742  100.52354001490095  95.1487191939751  -0.15  -7.48  11.17  0  2  0  3  0  1  2  0.29  47.58  0.00  
13.766  100.2503540014901  95.17687191939751  0.13  -8.92  12.58  0  2  0  2  0  1  2  0.00  56.60  0.00  
13.791  99.953035400149  95.25168719193977  0.18  -8.22  11.42  0  2  0  2  0  1  2  0.00  55.13  0.00  
13.814  99.7523035400149  95.13316871919397  -0.98  -8.17  9.69  0  1  0  2  0  1  2  0.00  47.28  0.00  
13.839  99.63323035400148  95.2023168719194  -2.92  -6.01  6.22  0  1  0  3  0  1  2  0.00  41.40  0.00  
13.863  99.44132303540016  95.29023168719193  -2.32  -6.31  4.3  0  1  0  3  0  1  2  0.00  45.22  0.00  
13.888  99.07113230354003  95.2540231687192  -2.5  -4.37  2.79  0  1  0  3  0  2  3  0.00  49.34  0.00  
13.912  98.899113230354  95.26840231687191  -2.88  -3.01  1.21  0  1  0  3  0  2  3  0.10  58.57  0.00  
13.936  98.91791132303541  95.2608402316872  -3.45  -3.78  0.79  1  1  0  3  0  2  3  0.39  56.51  0.00  
13.961  98.78479113230354  95.31408402316872  -3.76  -1.72  1.16  1  1  0  3  0  2  3  0.59  43.95  0.00  
13.985  98.67247911323035  95.27440840231687  -3.79  -0.32  1.21  1  1  0  3  0  2  3  0.78  44.93  0.00  
14.009  98.46324791132304  95.2794408402317  -2.93  0.6  1.16  1  2  0  3  0  2  3  0.98  38.95  0.00  
14.033  98.3433247911323  95.27994408402319  -3.24  3.27  1.53  1  2  0  4  0  2  3  1.08  26.59  0.49  
14.058  98.39433247911323  95.26199440840233  -3.66  3.24  0.68  1  2  0  4  0  2  3  1.18  21.68  0.59  
14.082  98.43543324791132  95.35919944084024  -3.73  3.93  0.6  1  2  0  4  0  2  3  1.28  22.37  0.39  
14.106  98.51154332479112  95.33291994408401  -3.78  3.44  0.71  1  2  0  4  0  2  4  1.37  23.84  0.59  
14.131  98.51015433247912  95.33929199440841  -3.4  3.53  1.22  1  2  0  4  0  3  4  1.37  22.07  0.98  
14.154  98.52801543324792  95.35792919944083  -3.02  3.18  1.02  1  2  0  4  0  3  4  1.57  21.09  0.39  
14.179  98.5838015433248  95.3957929199441  -3.6  3.76  0.47  1  2  0  4  0  3  4  1.77  21.29  0.10  
14.203  98.64338015433249  95.37257929199441  -3.43  3.52  0.75  1  2  0  5  0  3  4  1.96  21.19  0.69  
14.227  98.72133801543325  95.37025792919945  -3.28  3.57  0.44  1  2  0  5  0  3  4  2.06  21.09  1.18  
14.252  98.79213380154333  95.37902579291995  -2.7  2.79  -0.35  2  2  0  5  0  3  4  2.06  21.19  1.18  
14.276  98.81721338015433  95.379902579292  -2.53  3.17  -0.98  2  2  0  5  0  3  4  2.16  21.29  0.98  
14.3  98.86472133801544  95.4069902579292  -2.5  2.63  -0.56  2  2  0  5  0  3  4  2.06  20.90  1.57  
14.324  98.87847213380155  95.40069902579293  -2.11  3.27  0.02  2  2  0  5  0  3  4  2.06  20.90  1.57  
14.349  98.96084721338016  95.4270699025793  -1.11  2.94  0.6  1  2  0  5  0  3  4  1.96  20.80  1.77  
14.373  99.01408472133801  95.46570699025793  -1.05  3.16  0.72  1  2  0  5  0  2  4  1.77  20.99  2.06  
14.397  99.06440847213379  95.4785706990258  -1.65  3.39  0.7  1  2  0  4  0  2  4  1.57  20.99  2.06  
14.422  99.12344084721337  95.50685706990258  -1.59  3.04  1.16  1  2  0  4  0  2  4  1.57  20.99  2.16  
14.446  99.16534408472134  95.51868570699025  -1.22  3.02  1.29  1  2  0  4  0  2  4  1.57  21.19  1.67  
14.47  99.16053440847213  95.58286857069903  -1.05  2.99  1.92  1  2  0  4  0  2  3  1.67  21.29  1.77  
14.494  99.24105344084721  95.64328685706991  -1.37  2.85  2.76  1  2  0  4  0  2  3  1.57  21.39  1.96  
14.519  99.31210534408471  95.757328685707  -1.1  2.55  3.29  1  2  0  4  0  2  3  1.57  21.78  1.86  
14.542  99.35521053440847  95.8317328685707  -1.02  3.37  3.71  1  1  0  4  0  2  3  1.57  22.37  1.08  
14.567  99.39552105344086  95.87517328685706  -1.45  3.46  3.63  1  1  0  3  0  2  3  1.67  22.46  1.28  
14.592  99.35455210534408  95.8075173286857  -0.19  4.38  4.11  0  1  0  3  0  2  3  1.67  20.70  0.98  
14.615  99.41345521053441  95.88175173286857  -1.37  2.85  4.63  0  1  0  3  0  2  3  1.77  20.11  0.88  
14.64  99.52734552105345  95.84417517328686  -1.82  3.97  4.91  0  1  0  3  0  2  3  1.86  20.01  0.59  
14.664  99.59273455210534  95.94841751732868  -0.87  3.24  5.14  0  1  0  3  0  2  3  2.06  23.45  0.39  
14.688  99.85127345521053  96.03984175173287  -1.55  4.45  5.27  0  1  0  3  0  2  3  2.26  21.19  0.69  
14.712  99.99412734552105  96.02198417517327  -1.74  5.34  4.98  0  1  0  3  0  1  3  2.35  29.92  0.29  
14.737  100.1254127345521  96.11019841751734  -1.5  5.45  5.02  0  1  0  3  0  1  3  2.45  35.41  0.78  
14.76  100.75054127345521  96.39801984175173  -2.62  6.63  6.13  0  1  0  3  0  1  3  2.55  29.23  0.59  
14.785  100.83105412734552  96.42680198417517  -1.14  4.35  5.66  0  1  0  3  0  1  3  2.75  23.74  0.78  
14.81  100.85710541273455  96.38468019841753  -0.91  5.15  5.24  0  1  0  3  0  1  3  2.84  21.19  0.69  
14.834  100.83271054127346  96.39846801984176  -1.01  5.15  3.66  0  1  0  3  0  1  3  3.04  21.97  0.98  
14.858  100.85727105412735  96.40884680198418  -0.81  4.88  3.02  0  1  0  3  0  1  2  3.14  23.84  1.37  
14.882  101.00372710541272  96.46388468019842  -0.8  4.89  2.54  0  1  0  2  0  1  2  3.14  26.39  1.28  
14.907  101.10837271054127  96.52338846801985  -1.09  3.98  2.83  0  0  0  2  0  1  2  3.14  25.60  1.57  
14.93  101.19983727105412  96.55633884680199  -1.42  5.5  2.51  0  0  0  2  0  1  2  3.24  27.57  1.47  
14.955  101.15498372710542  96.4876338846802  -0.63  3.65  2.98  0  0  0  2  0  1  2  3.34  27.76  1.28  
14.979  101.23149837271055  96.50776338846802  -2.08  5.33  2.8  0  0  0  2  0  1  2  3.43  28.94  0.10  
15.003  101.31114983727106  96.5547763388468  -2.37  4.52  2.53  0  0  0  2  0  1  2  3.43  22.56  0.59  
15.028  101.3911149837271  96.60447763388467  -2.36  3.76  2.88  0  0  0  2  0  1  2  3.63  19.03  0.29  
15.051  101.42611149837272  96.67244776338848  -2.88  3.67  2.63  0  0  0  2  0  1  2  3.63  28.65  0.20  
15.076  101.43861114983727  96.66124477633885  -3.18  2.83  2.75  0  0  0  2  0  1  2  3.73  32.27  0.00  
15.1  101.56586111498372  96.73212447763389  -3.64  2.62  3.02  0  0  0  2  0  1  2  3.73  24.62  0.20  
15.124  101.62358611149837  96.66721244776339  -4.25  3.52  2.25  0  0  0  2  0  1  2  3.92  18.54  0.00  
15.149  101.71935861114983  96.60672124477634  -3.95  2.15  2.21  0  0  0  3  0  1  3  4.12  19.03  0.00  
15.173  101.818935861115  96.59167212447764  -3.76  1.11  1.71  0  0  0  3  0  1  3  4.22  19.33  0.20  
15.197  101.9548935861115  96.61716721244778  -4.45  0.54  1.96  0  0  0  3  0  1  3  4.41  20.31  0.00  
15.221  101.96848935861115  96.59271672124478  -4.21  0.51  2.02  0  0  0  3  0  1  3  4.32  21.68  0.00  
15.245  101.96984893586111  96.53627167212449  -4.24  0.73  2.27  0  0  0  3  0  1  3  4.51  20.90  0.00  
15.269  101.9969848935861  96.52162716721244  -4.31  1.11  2.22  0  0  0  3  0  1  3  4.61  19.52  0.10  
15.294  102.04469848935861  96.46616271672124  -3.62  -0.25  1.89  0  0  0  3  0  1  3  4.71  19.33  0.00  
15.318  102.04046984893587  96.45161627167212  -4.05  0.24  1.93  0  0  0  3  0  1  3  4.71  20.50  0.00  
15.342  102.02204698489358  96.45016162716722  -3.97  0.63  1.85  0  0  0  3  0  1  3  4.61  20.40  0.00  
15.367  102.02920469848935  96.44101616271672  -3.97  0.85  1.96  0  0  0  3  0  1  3  4.71  20.31  0.00  
15.39  102.03892046984895  96.35910161627167  -3.53  0.69  1.51  0  0  0  3  0  1  3  4.61  20.50  0.00  
15.415  102.03089204698489  96.35091016162717  -3.73  0.66  1.39  0  0  0  3  0  1  3  4.61  20.50  0.00  
15.439  102.03008920469848  96.33209101616272  -3.79  0.93  1.27  0  0  0  3  0  1  3  4.71  20.60  0.00  
15.463  102.04800892046984  96.33920910161628  -3.34  0.39  0.73  0  1  0  3  0  1  3  4.61  20.90  0.00  
15.488  102.13080089204698  96.31292091016162  -3.62  0.85  0.68  0  0  0  3  0  1  3  4.71  21.48  0.00  
15.511  102.1210800892047  96.32829209101617  -3.24  0.75  0.7  0  0  0  3  0  1  3  4.51  21.48  0.00  
15.536  102.04810800892048  96.32982920910162  -3.6  0.79  0.68  0  0  0  3  0  1  3  4.61  21.39  0.00  
15.56  101.99581080089204  96.31198292091017  -3.44  0.7  0.6  0  0  0  3  0  1  3  4.61  21.48  0.00  
15.584  101.9995810800892  96.29219829209102  -3.36  0.32  0.66  0  1  0  3  0  1  3  4.71  549.26  0.00  
15.608  102.01795810800891  96.31721982920911  -3.24  0.26  0.4  0  1  0  3  0  1  3  4.61  20.80  0.00  
15.633  102.01979581080089  96.29272198292091  -3.11  0.3  0.67  0  1  0  3  0  1  3  4.51  20.70  0.00  
15.656  101.97497958108008  96.29927219829209  -3.63  0.61  0.98  0  1  0  3  0  1  3  4.32  20.70  0.00  
15.681  101.970497958108  96.2729272198292  -3.67  0.7  1.1  0  1  0  3  0  1  3  4.32  20.01  0.00  
15.705  101.97904979581081  96.22529272198292  -3.76  0.93  0.89  0  1  0  3  0  2  3  4.32  20.50  0.00  
15.729  101.97090497958108  96.24752927219829  -3.72  0.5  0.93  0  1  0  3  0  2  3  4.41  19.72  0.00  
15.754  102.00609049795811  96.24075292721983  -3.6  0.63  0.82  0  1  0  3  0  2  3  4.41  18.64  0.20  
15.777  101.97360904979581  96.24007529272198  -3.97  0.56  1.34  0  1  0  3  0  1  3  4.41  18.74  0.00  
15.802  101.94336090497957  96.23100752927219  -3.8  0.36  1.73  0  1  0  3  0  1  3  4.51  18.93  0.10  
15.826  101.93133609049796  96.15810075292723  -4.15  0.73  1.93  0  1  0  3  0  1  3  4.61  18.93  0.00  
15.85  101.93913360904979  96.15081007529272  -3.8  0.69  1.92  0  1  0  3  0  1  3  4.81  19.03  0.00  
15.875  101.93091336090498  96.17708100752928  -4.1  0.8  2.08  0  1  0  3  0  1  4  4.71  19.52  0.20  
15.899  101.9300913360905  96.15270810075293  -4.27  0.79  2.31  0  1  0  4  0  1  4  4.81  20.31  0.00  
15.923  101.93000913360906  96.14127081007528  -4.56  0.6  2.11  0  1  0  4  0  1  4  4.91  21.39  0.00  
15.947  101.9570009133609  96.14912708100753  -4.63  0.34  2.0  0  1  0  4  0  2  4  5.10  21.19  0.00  
15.971  101.9777000913361  96.10491270810074  -4.6  0.5  1.98  0  1  0  4  0  2  4  5.40  20.01  0.00  
15.995  101.97977000913362  96.06449127081008  -4.46  0.27  1.79  0  1  0  4  0  2  4  5.30  19.82  0.00  
16.02  102.03397700091337  95.98844912708101  -4.41  0.05  1.61  0  1  0  4  0  2  4  5.40  19.72  0.00  
16.045  101.99439770009133  95.98084491270811  -3.93  0.26  1.01  0  1  0  4  0  2  4  5.49  21.48  0.00  
16.068  101.93643977000914  95.9620844912708  -3.9  0.44  1.2  0  1  0  4  0  2  4  5.49  31.59  0.00  
16.093  101.96664397700091  95.96920844912708  -3.98  0.38  1.0  0  1  0  4  0  2  4  5.49  25.70  0.00  
16.117  101.9246643977001  95.9429208449127  -3.89  0.24  1.01  0  1  0  4  0  2  4  5.49  23.84  0.00  
16.142  101.90246643977002  95.87729208449127  -3.88  0.39  0.85  0  1  0  4  0  2  4  5.40  24.33  0.00  
16.165  101.882246643977  95.80772920844913  -3.89  0.27  0.86  0  1  0  4  0  2  4  5.49  26.09  0.00  
16.19  101.8172246643977  95.8187729208449  -3.76  0.31  0.97  0  1  0  4  0  2  4  5.40  24.62  0.10  
16.215  101.72972246643977  95.82887729208448  -3.79  0.49  0.98  0  1  0  4  0  2  4  5.40  24.52  0.00  
16.238  101.75697224664398  95.77588772920845  -3.26  0.61  0.6  0  1  0  4  0  2  4  5.30  24.82  0.00  
16.263  101.7956972246644  95.77058877292085  -3.48  0.65  0.79  0  1  0  4  0  2  4  5.40  25.21  0.00  
16.287  101.85356972246645  95.78805887729209  -3.55  0.69  0.93  0  1  0  4  0  2  4  5.30  25.21  0.00  
16.312  101.83235697224664  95.7808058877292  -3.36  0.6  0.95  0  1  0  4  0  2  4  5.40  25.21  0.00  
16.335  101.82123569722465  95.78008058877292  -3.48  0.66  0.87  0  1  0  4  0  2  4  5.30  25.41  0.00  
16.36  101.79312356972247  95.78000805887729  -3.2  0.86  0.74  0  1  0  4  0  2  4  5.40  25.41  0.00  
16.385  101.72731235697225  95.78900080588774  -3.27  1.05  0.95  0  1  0  4  0  2  4  5.40  25.02  0.00  
16.409  101.76573123569723  95.77190008058876  -3.42  1.47  0.95  0  1  0  4  0  2  4  5.40  23.05  0.20  
16.433  101.83257312356973  95.75219000805888  -3.35  1.52  1.34  0  1  0  5  0  2  4  5.30  22.56  0.10  
16.457  101.83925731235698  95.72321900080588  -3.49  1.18  1.05  0  1  0  5  0  2  4  5.30  22.86  0.00  
16.482  101.8219257312357  95.73832190008058  -3.27  1.12  0.99  0  1  0  5  0  2  4  5.30  23.05  0.00  
16.506  101.76619257312358  95.73983219000806  -3.42  0.87  0.99  0  1  0  5  0  2  4  5.30  23.15  0.00  
16.53  101.76961925731236  95.7399832190008  -3.38  1.21  1.13  0  1  0  5  0  2  4  5.30  23.35  0.00  
16.555  101.80596192573124  95.75799832190009  -3.34  1.02  1.21  0  1  0  5  0  2  4  5.30  23.74  0.00  
16.579  101.83659619257313  95.75979983219003  -3.36  1.06  1.08  0  1  0  5  0  2  4  5.30  24.43  0.29  
16.604  101.80365961925732  95.75997998321901  -3.4  0.85  1.03  0  1  0  5  0  2  4  5.40  25.11  0.20  
16.627  101.75536596192573  95.7689979983219  -3.44  1.34  0.9  0  1  0  5  0  2  4  5.30  25.60  0.20  
16.652  101.75953659619258  95.79689979983219  -3.55  1.18  1.18  0  1  0  5  0  2  4  5.30  25.90  0.39  
16.676  101.75095365961926  95.78168997998321  -3.6  1.15  0.96  0  1  0  5  0  2  4  5.40  26.00  0.10  
16.701  101.76809536596193  95.73516899799833  -3.5  1.22  1.05  0  1  0  5  0  2  4  5.49  26.39  0.00  
16.724  101.7698095365962  95.75751689979984  -3.55  0.82  1.05  0  1  0  5  0  2  4  5.49  27.17  0.00  
16.749  101.75198095365963  95.71475168997998  -3.89  0.85  1.18  0  1  0  5  0  2  4  5.59  30.12  0.00  
16.774  101.77719809536596  95.701475168998  -4.0  1.01  1.48  0  1  0  5  0  2  5  5.59  30.61  0.00  
16.798  101.8067198095366  95.6731475168998  -4.23  1.26  1.34  0  1  0  5  0  2  5  5.69  29.63  0.00  
16.822  101.79167198095367  95.68831475168997  -4.01  0.95  1.47  0  1  0  5  0  2  5  5.79  31.59  0.00  
16.846  101.80816719809536  95.671831475169  -3.87  1.22  1.24  0  1  0  5  1  2  5  5.79  30.80  0.00  
16.871  101.82781671980953  95.6251831475169  -3.59  0.85  0.67  0  1  0  5  1  2  5  5.79  31.00  0.00  
16.896  101.89278167198096  95.58451831475169  -3.69  0.59  0.82  0  1  0  5  1  2  5  5.98  30.90  0.00  
16.919  101.88127816719809  95.57145183147516  -3.92  0.95  1.08  0  1  0  5  1  2  5  5.98  30.41  0.00  
16.944  101.88912781671982  95.55214518314752  -3.75  0.95  1.16  0  1  0  5  1  2  5  5.98  29.92  0.00  
16.968  101.90791278167197  95.46021451831476  -3.77  0.89  1.15  0  1  0  5  1  2  5  6.08  29.63  0.00  
16.993  101.9187912781672  95.41502145183148  -3.68  0.96  1.0  0  1  0  5  1  2  5  6.08  29.63  0.10  
17.016  101.84787912781673  95.44650214518315  -3.4  1.12  0.82  0  1  0  5  1  2  5  6.08  29.53  0.29  
17.041  101.84078791278168  95.39565021451831  -3.16  1.13  0.63  0  1  0  5  1  2  5  6.08  29.53  0.29  
17.065  101.84007879127817  95.39956502145185  -3.42  1.47  0.73  0  1  0  5  1  2  5  5.98  29.14  0.20  
17.09  101.92100787912783  95.3999565021452  -3.01  1.19  1.11  0  1  0  5  1  2  5  5.98  29.04  0.00  
17.114  101.90210078791279  95.40899565021452  -3.26  1.31  0.85  0  1  0  5  1  2  5  5.98  29.14  0.00  
17.138  101.88221007879127  95.42789956502146  -2.89  1.18  1.05  0  1  0  5  1  2  5  5.98  29.14  0.00  
17.163  101.86222100787913  95.45678995650215  -3.05  1.14  0.75  0  1  0  5  1  2  5  5.89  29.14  0.00  
17.187  101.85122210078791  95.44167899565022  -2.84  1.24  0.77  0  1  0  5  1  2  5  5.89  29.23  0.10  
17.211  101.8951222100788  95.42216789956503  -2.9  1.08  0.92  0  1  0  5  1  2  5  5.89  29.43  0.20  
17.235  101.95351222100787  95.4202167899565  -2.79  1.08  0.63  0  1  0  5  1  2  5  5.79  29.33  0.29  
17.26  101.98635122210078  95.48302167899566  -2.72  1.34  0.68  0  1  0  5  1  2  5  5.69  29.43  0.29  
17.285  101.96263512221007  95.55230216789957  -3.03  1.07  0.9  0  1  0  5  1  2  5  5.69  29.33  0.20  
17.308  101.987263512221  95.58623021678996  -2.84  1.15  0.56  0  1  0  5  1  2  5  5.69  27.57  0.39  
17.333  102.00772635122212  95.589623021679  -2.92  1.2  0.61  0  1  0  5  1  2  4  5.59  24.82  0.39  
17.357  102.03677263512222  95.6079623021679  -3.09  0.76  0.47  0  1  0  5  1  2  4  5.59  24.33  0.39  
17.382  101.99467726351222  95.60079623021679  -2.85  0.94  0.79  0  1  0  5  1  2  4  5.49  24.23  0.29  
17.405  102.01746772635121  95.62707962302167  -2.66  0.92  0.61  0  1  0  5  1  2  4  5.40  24.13  0.29  
17.43  102.02874677263512  95.62970796230216  -2.56  1.32  0.24  0  1  0  5  1  2  4  5.20  23.94  0.39  
17.455  102.04787467726351  95.67497079623023  -2.89  1.13  0.2  0  1  0  5  1  2  4  5.30  23.35  0.59  
17.479  102.06778746772635  95.68849707962302  -2.99  0.62  0.36  0  1  0  5  1  2  4  5.30  23.35  0.59  
17.503  102.06077874677263  95.7078497079623  -3.1  0.5  0.56  0  1  0  5  1  2  4  5.20  23.25  0.10  
17.527  102.02407787467726  95.70078497079624  -3.41  0.63  1.04  0  1  0  5  1  2  4  5.10  23.15  0.00  
17.552  102.02940778746772  95.70007849707963  -3.47  0.87  1.03  0  1  0  5  1  2  4  5.10  23.15  0.00  
17.576  102.00294077874676  95.67300784970797  -3.37  0.84  0.98  0  1  0  5  1  2  4  5.10  23.25  0.00  
17.6  102.01829407787467  95.66130078497079  -3.31  0.89  0.9  0  1  0  5  1  2  4  5.10  23.15  0.00  
17.625  102.00182940778745  95.64213007849709  -3.34  0.69  0.93  0  1  0  5  1  2  4  5.10  23.15  0.00  
17.649  102.00918294077876  95.6582130078497  -3.53  0.62  1.19  0  1  0  5  1  2  5  5.10  23.05  0.00  
17.674  102.01891829407788  95.63282130078497  -3.54  0.56  1.18  0  1  0  5  1  2  4  5.10  23.05  0.00  
17.697  102.00189182940778  95.6662821300785  -3.4  0.64  0.89  0  1  0  5  1  2  5  5.30  22.96  0.20  
17.722  101.99118918294077  95.65162821300785  -3.57  0.52  1.07  0  1  0  5  1  2  5  5.20  23.05  0.00  
17.746  102.01711891829407  95.6141628213008  -3.6  0.61  1.31  0  1  0  5  1  2  5  5.30  23.15  0.10  
17.771  102.0197118918294  95.59241628213009  -3.64  0.36  1.3  0  1  0  5  1  2  5  5.30  23.35  0.00  
17.795  102.03797118918295  95.59024162821301  -3.66  0.34  1.36  0  1  0  5  1  2  5  5.40  23.25  0.00  
17.819  102.05779711891829  95.5720241628213  -3.85  0.85  1.27  0  1  0  5  1  2  5  5.49  23.25  0.00  
17.844  102.09577971189182  95.53420241628213  -3.67  0.44  1.14  0  1  0  5  1  2  5  5.49  23.35  0.00  
17.867  102.06357797118918  95.53942024162822  -3.61  0.43  0.93  0  1  0  5  1  2  5  5.59  23.45  0.00  
17.892  102.06035779711891  95.57594202416283  -3.41  0.69  1.04  0  1  0  5  1  2  5  5.69  23.84  0.00  
17.916  102.0510357797119  95.61559420241629  -3.53  0.69  1.13  0  1  0  5  1  2  5  5.79  24.43  0.00  
17.941  102.0411035779712  95.57455942024161  -3.63  0.69  1.17  0  1  0  5  1  2  5  5.79  25.31  0.00  
17.965  102.03111035779712  95.52545594202417  -3.54  0.69  1.31  0  1  0  5  1  2  5  5.79  25.31  0.00  
17.989  102.03011103577971  95.52954559420242  -3.84  1.11  1.16  0  1  0  5  1  2  5  5.69  25.80  0.00  
18.014  102.03901110357798  95.53895455942025  -3.54  0.67  0.72  0  1  0  5  1  2  5  5.69  26.00  0.00  
18.038  102.03090111035779  95.54889545594203  -3.63  0.61  0.69  0  1  0  5  1  2  5  5.89  26.59  0.00  
18.062  102.03009011103578  95.54088954559421  -3.38  0.85  1.2  0  1  0  5  1  2  5  5.98  26.49  0.00  
18.086  102.04800901110357  95.51308895455942  -3.21  0.92  0.99  0  1  0  5  1  2  5  5.89  26.78  0.00  
18.111  102.03180090111036  95.51930889545594  -3.16  0.34  0.79  0  1  0  5  1  2  5  5.98  27.76  0.10  
18.136  102.01218009011104  95.54693088954559  -3.59  1.27  0.98  0  1  0  5  1  2  5  5.98  24.13  0.29  
18.159  102.01021800901111  95.49569308895457  -3.53  0.56  0.95  0  1  0  5  1  2  5  6.08  20.99  0.29  
18.184  102.0190218009011  95.44556930889546  -3.71  0.14  0.89  0  1  0  5  1  2  5  5.98  20.70  0.20  
18.208  102.01090218009011  95.40455693088956  -3.47  0.44  0.75  0  1  0  5  1  2  5  5.98  20.31  0.20  
18.233  102.01909021800901  95.39145569308896  -3.24  0.06  0.66  0  1  0  5  1  2  5  5.89  20.50  0.00  
18.256  101.9929090218009  95.37214556930891  -3.11  0.44  0.76  0  1  0  5  1  2  5  5.79  20.21  0.00  
18.281  101.97229090218008  95.40621455693089  -3.05  0.42  0.67  0  1  0  5  1  2  5  5.69  20.01  0.00  
18.306  101.97922909021801  95.41862145569308  -3.32  0.73  0.53  0  1  0  5  1  2  5  5.69  19.91  0.00  
18.33  101.9619229090218  95.38386214556931  -3.05  0.64  0.55  0  1  0  5  1  2  5  5.59  19.72  0.00  
18.354  101.94219229090217  95.37138621455694  -3.06  0.68  0.56  0  1  0  5  1  2  5  5.69  19.82  0.00  
18.378  101.94021922909022  95.42413862145571  -3.15  0.82  0.22  0  1  0  5  1  2  5  5.59  19.82  0.00  
18.403  101.97602192290903  95.47441386214557  -3.17  0.89  0.28  0  1  0  5  1  2  5  5.59  19.91  0.10  
18.427  101.92560219229091  95.43444138621457  -3.1  0.82  0.22  0  1  0  5  1  2  5  5.59  20.01  0.10  
18.451  101.9475602192291  95.47544413862146  -2.98  1.1  0.21  0  1  0  5  1  2  5  5.59  19.62  0.29  
18.476  101.94075602192291  95.45254441386214  -2.8  1.13  0.37  0  1  0  5  1  2  5  5.59  19.33  0.39  
18.5  101.9310756021923  95.45025444138622  -2.76  1.36  0.21  0  1  0  5  1  2  5  5.59  19.23  0.49  
18.525  101.93010756021924  95.47702544413862  -2.49  1.21  0.37  0  1  0  5  1  2  5  5.59  19.23  0.29  
18.549  101.96601075602192  95.47970254441387  -2.34  1.34  0.11  0  1  0  5  1  2  5  5.49  19.52  0.39  
18.573  101.9516010756022  95.50697025444138  -2.41  1.18  -0.47  0  1  0  5  1  2  5  5.40  20.11  0.78  
18.597  101.9141601075602  95.53669702544414  -2.55  1.54  -0.69  0  1  0  5  1  2  4  5.49  20.70  0.88  
18.622  101.99141601075601  95.6206697025444  -2.89  0.63  -0.27  0  1  0  5  1  2  4  5.40  20.99  0.78  
18.647  102.0441416010756  95.63806697025444  -2.78  0.4  0.11  0  1  0  5  1  2  4  5.30  21.09  0.88  
18.67  101.96841416010756  95.66680669702545  -2.8  0.14  0.27  0  1  0  5  1  2  4  5.30  21.29  0.29  
18.695  101.89784141601076  95.61568066970256  -3.08  0.25  0.6  0  1  0  5  1  2  4  5.40  21.48  0.10  
18.719  101.86378414160109  95.61056806697026  -2.86  0.24  0.5  0  1  0  5  1  2  4  5.00  21.68  0.10  
18.744  101.8783784141601  95.65505680669702  -3.05  0.44  0.86  0  1  0  5  1  2  4  4.91  21.58  0.00  
18.768  101.852837841416  95.6595056806697  -3.27  0.9  0.74  0  1  0  5  1  2  4  4.91  21.58  0.20  
18.792  101.8502837841416  95.67795056806698  -3.55  0.88  0.68  0  1  0  5  1  2  4  4.81  21.97  0.00  
18.817  101.91302837841417  95.66179505680668  -3.67  0.91  0.89  0  1  0  5  1  2  4  4.81  21.58  0.00  
18.841  101.92830283784143  95.66917950568067  -3.55  0.66  0.69  0  1  0  5  1  2  5  4.81  21.48  0.00  
18.865  101.91183028378413  95.62491795056808  -3.92  0.39  0.66  0  1  0  5  1  2  5  4.81  20.70  0.00  
18.889  101.91918302837843  95.60249179505679  -3.89  0.84  0.35  0  1  0  5  1  2  5  4.91  20.60  0.10  
18.914  101.94691830283784  95.58224917950568  -4.07  0.6  0.41  0  1  0  5  1  2  5  5.00  20.70  0.00  
18.938  101.91369183028378  95.58022491795057  -3.98  0.64  0.35  0  2  0  5  1  2  5  5.10  21.29  0.00  
18.962  101.98236918302837  95.57102249179505  -4.91  -2.02  0.77  0  2  0  5  1  2  5  5.00  19.52  0.20  
18.987  102.02523691830284  95.53410224917951  -4.15  -1.27  0.25  1  2  0  6  1  2  5  5.30  19.03  0.10  
19.011  101.88552369183029  95.52141022491796  -4.41  0.76  -0.03  1  2  0  6  1  2  5  5.20  19.33  0.10  
19.036  101.89855236918304  95.5291410224918  -4.3  1.0  0.27  1  2  0  6  1  2  5  5.20  19.52  0.00  
19.06  101.8818552369183  95.52091410224918  -4.1  0.36  0.07  1  2  0  6  1  2  5  5.20  20.80  0.00  
19.084  101.95218552369182  95.44809141022492  -4.48  -4.94  -0.15  1  2  0  6  1  2  5  5.20  23.05  0.00  
19.108  101.80621855236919  95.44980914102248  -4.08  0.54  0.14  1  2  0  6  1  2  5  5.20  24.03  0.00  
19.133  101.86362185523693  95.39598091410224  -3.8  0.66  0.15  1  2  0  6  1  2  5  5.30  24.62  0.00  
19.158  101.85136218552368  95.39059809141023  -3.77  0.34  0.31  1  2  0  6  1  2  5  5.20  20.90  0.00  
19.182  101.73313621855237  95.39005980914102  -4.06  1.22  -0.57  1  2  0  6  1  2  5  5.30  19.52  0.00  
19.206  101.73031362185523  95.3900059809141  -3.85  0.51  -0.69  1  2  0  6  1  2  6  5.10  18.93  0.00  
19.23  101.73003136218553  95.4170005980914  -3.68  -0.21  -0.21  1  2  0  6  1  2  6  5.00  19.52  0.00  
19.255  101.75700313621856  95.41970005980914  -3.94  -0.02  -0.43  1  2  0  6  1  2  6  5.10  21.68  0.00  
19.279  101.74170031362186  95.41997000598091  -3.59  0.57  -0.41  1  2  0  6  1  2  6  5.00  20.11  0.10  
19.304  101.73117003136218  95.41099700059809  -3.72  1.11  -0.53  1  2  0  6  1  2  6  4.91  19.91  0.29  
19.329  101.73911700313622  95.40109970005982  -3.53  0.35  -0.46  1  2  0  6  1  2  6  4.91  19.62  0.39  
19.353  101.72191170031363  95.46310997000597  -3.48  0.77  -0.18  1  2  0  6  1  3  6  4.81  19.42  0.39  
19.377  101.67519117003135  95.4333109970006  -3.44  0.55  0.06  1  2  0  6  1  3  6  4.81  19.23  0.29  
19.401  101.66151911700314  95.43933109970006  -3.14  0.63  0.11  1  2  0  6  1  3  6  4.81  19.03  0.20  
19.426  101.70515191170031  95.45793310997  -3.52  -0.27  0.07  1  2  0  6  1  3  6  4.61  20.40  0.00  
19.45  101.66451519117003  95.43279331099701  -3.21  0.76  0.31  1  2  0  6  1  3  6  4.51  22.46  0.00  
19.474  101.633451519117  95.4122793310997  -3.24  0.43  0.74  1  2  0  6  1  3  6  4.41  24.62  0.00  
19.499  101.5763451519117  95.41922793310997  -3.11  0.56  0.7  1  2  0  6  1  3  6  4.32  25.80  0.00  
19.523  101.55263451519116  95.401922793311  -2.89  0.53  1.18  1  2  0  6  1  2  6  4.22  26.88  0.00  
19.548  101.47826345151913  95.4721922793311  -2.75  1.07  1.08  1  2  0  6  1  2  5  4.12  27.27  0.20  
19.571  101.50682634515192  95.48821922793312  -2.85  1.3  0.97  1  2  0  6  1  2  5  4.12  27.57  0.39  
19.596  101.5546826345152  95.48982192279331  -2.82  1.76  0.69  1  2  0  6  1  2  5  3.92  27.76  0.29  
19.62  101.60446826345151  95.46298219227933  -2.89  1.34  0.84  1  2  0  6  1  2  5  3.73  27.96  0.39  
19.645  101.58244682634515  95.46929821922794  -2.9  1.24  0.68  1  2  0  6  1  2  5  3.92  28.06  0.39  
19.67  101.55324468263451  95.48792982192279  -3.08  1.13  0.53  1  2  0  6  1  2  5  3.83  27.86  0.39  
19.693  101.53232446826345  95.48079298219228  -2.87  1.23  0.69  1  2  0  6  1  2  5  3.73  27.86  0.39  
19.718  101.53023244682635  95.49807929821922  -3.08  1.38  1.02  1  2  0  6  1  2  5  3.83  27.86  0.39  
19.742  101.54802324468262  95.46380792982193  -3.04  1.37  1.22  1  2  0  6  1  2  5  3.73  27.96  0.29  
19.766  101.61280232446828  95.44238079298219  -2.76  1.37  0.8  1  2  0  6  1  2  5  3.83  28.06  0.29  
19.79  101.60128023244683  95.43123807929823  -2.67  1.76  0.66  1  2  0  5  1  2  5  3.83  27.96  0.39  
19.815  101.63612802324468  95.47512380792982  -2.69  1.53  -0.02  1  2  0  5  1  2  5  3.63  27.96  0.39  
19.84  101.64861280232448  95.49751238079298  -2.89  1.7  0.27  1  2  0  5  1  2  5  3.73  28.06  0.10  
19.864  101.69486128023244  95.4907512380793  -2.84  2.28  0.34  1  2  0  5  0  2  5  3.63  27.96  0.20  
19.888  101.71748612802324  95.50807512380793  -3.01  1.63  0.21  1  2  0  5  0  2  5  3.63  27.86  0.39  
19.912  101.75574861280232  95.50980751238079  -3.05  2.17  0.38  1  2  0  5  0  2  5  3.53  27.86  0.29  
19.937  101.77757486128023  95.44698075123807  -3.02  1.66  0.26  1  2  0  5  0  2  5  3.34  27.76  0.20  
19.961  101.78875748612802  95.4676980751238  -3.31  1.99  0.09  1  2  0  5  0  2  5  3.43  27.66  0.39  
19.985  101.8078757486128  95.48776980751238  -3.25  1.88  -0.06  1  2  0  5  0  2  5  3.43  27.66  0.49  
20.009  101.80978757486128  95.52577698075123  -3.37  2.31  0.16  1  2  0  5  0  2  5  3.34  27.66  0.20  
20.034  101.89997875748612  95.51157769807513  -3.17  1.72  0.13  1  2  0  5  0  2  5  3.34  27.66  0.29  
