0.443  78.99  87.34  -3.06  -0.07  1.77  0  0  0  0  0  0  0  0.00  2.35  0.69  
0.466  85.56  94.414  -3.31  -1.21  1.1  0  0  0  0  0  0  0  0.00  2.35  0.78  
0.49  91.68900000000001  101.2054  -4.15  0.41  1.89  0  0  0  0  0  0  0  0.00  2.35  0.78  
0.514  96.89189999999999  106.99654000000001  -4.02  2.57  2.93  0  0  0  0  0  0  0  0.00  2.55  0.69  
0.537  101.30019  111.922654  -4.5  2.82  3.55  0  0  0  0  0  0  0  0.00  2.06  0.69  
0.561  105.04401899999999  116.1412654  -4.1  1.61  2.97  0  0  0  0  0  0  0  0.00  0.00  1.08  
0.584  108.24440189999999  119.73112654  -3.59  0.62  2.44  0  0  0  0  0  0  0  0.00  0.00  0.78  
0.608  110.85944019  122.745112654  -3.69  -0.56  2.47  0  0  0  0  0  0  0  0.00  0.00  0.88  
0.631  113.244944019  125.3325112654  -3.15  -0.18  2.42  0  0  0  0  0  0  0  0.00  0.00  0.78  
0.655  115.2834944019  127.57125112653999  -3.02  -0.72  2.49  0  0  0  0  0  0  0  0.00  0.00  0.78  
0.678  116.89134944019  129.35212511265402  -4.44  -0.47  2.55  0  0  0  0  0  0  0  0.00  0.00  0.78  
0.702  118.276134944019  130.76321251126538  -3.79  0.31  2.05  0  0  0  0  0  0  0  0.00  0.00  0.59  
0.726  119.5756134944019  132.02032125112655  -3.98  -1.9  1.72  0  0  0  0  0  0  0  0.00  0.00  0.69  
0.749  120.65056134944018  133.06403212511265  -3.89  -1.64  1.08  0  0  0  0  0  0  0  0.00  0.00  0.59  
0.773  121.19905613494402  133.89740321251128  -3.39  5.95  2.05  0  0  0  0  0  0  0  0.00  0.00  0.88  
0.796  121.95590561349441  134.74574032125113  -4.18  5.37  2.73  0  0  0  0  0  0  0  0.00  0.00  0.49  
0.82  122.58059056134944  135.46957403212514  -4.23  4.27  2.39  0  0  0  0  0  0  0  0.00  0.00  0.88  
0.843  123.12905905613493  136.0909574032125  -4.98  2.6  1.82  0  0  0  0  0  0  0  0.00  0.00  0.98  
0.867  123.58890590561349  136.66609574032123  -4.52  -0.19  0.35  0  0  0  0  0  0  0  0.00  0.00  0.59  
0.89  124.30089059056134  137.2816095740321  -4.22  0.78  0.98  0  0  0  0  0  0  0  0.00  0.00  0.78  
0.914  124.94808905905613  137.81116095740322  -4.31  -2.33  0.56  0  0  0  0  0  0  0  0.00  0.00  0.88  
0.937  125.35480890590563  138.1251160957403  -2.89  -2.31  -0.4  0  0  0  0  0  0  0  0.00  0.00  0.78  
0.961  125.80048089059056  138.43551160957404  -2.68  -0.19  -1.05  0  0  0  0  0  0  0  0.00  0.00  0.88  
0.985  125.94404808905904  138.6645511609574  -3.11  1.17  -1.66  0  0  0  0  0  0  0  0.00  0.00  0.78  
1.008  126.04840480890591  138.80445511609574  -3.86  4.3  0.11  0  0  0  0  0  0  0  0.00  0.00  0.78  
1.032  126.15784048089058  138.89944551160957  -3.48  4.02  1.65  0  0  0  0  0  0  0  0.00  0.00  0.78  
1.055  126.22278404808905  138.96294455116097  -3.84  3.39  3.32  0  0  0  0  0  0  0  0.00  0.00  0.69  
1.079  126.06727840480889  139.02329445511612  -3.93  1.58  2.38  0  0  0  0  0  0  0  0.00  0.00  0.69  
1.102  126.03372784048089  139.1463294455116  -4.01  0.49  0.92  0  0  0  0  0  0  0  0.00  0.00  0.69  
1.126  126.23737278404809  139.34763294455115  -3.6  -0.6  0.23  0  0  0  0  0  0  0  0.00  0.00  0.39  
1.149  126.38373727840481  139.59276329445512  -2.95  -1.47  1.49  0  0  0  0  0  0  0  0.00  0.00  0.49  
1.173  126.50637372784047  139.6622763294455  -1.33  -1.05  3.05  0  0  0  0  0  0  0  0.00  0.00  0.59  
1.197  126.68963737278405  139.73222763294456  -1.58  -1.45  3.07  0  0  0  0  0  0  0  0.00  0.00  0.49  
1.22  126.6899637372784  139.64022276329445  -2.85  -1.51  1.98  0  0  0  0  0  0  0  0.00  0.00  0.49  
1.244  126.51899637372784  139.52302227632944  -3.72  2.31  0.24  0  0  0  0  0  0  0  0.00  0.00  0.69  
1.267  126.42089963737278  139.46630222763295  -2.89  2.89  -1.02  0  0  0  0  0  0  0  0.00  0.00  1.08  
1.291  126.48308996373727  139.4876302227633  -3.03  2.02  -1.5  0  0  0  0  0  0  0  0.00  0.00  0.78  
1.314  126.55230899637374  139.50776302227632  -3.19  -2.27  -0.34  0  0  0  0  0  0  0  0.00  0.00  0.59  
1.338  126.58623089963739  139.54577630222764  -3.08  -1.81  3.02  0  0  0  0  0  0  0  0.00  0.00  0.49  
1.361  126.41862308996375  139.41457763022277  -2.58  -1.5  5.76  0  0  0  0  0  0  0  0.00  0.00  0.59  
1.385  126.20386230899638  139.08645776302228  -3.12  -0.47  4.11  0  0  0  0  0  0  0  0.00  0.00  0.59  
1.409  125.91238623089964  138.77464577630224  -4.56  -0.2  1.62  0  0  0  0  0  0  0  0.00  0.00  0.49  
1.432  125.85623862308996  138.74346457763022  -6.52  0.84  0.31  0  0  0  0  0  0  0  0.00  0.00  0.49  
1.456  126.066623862309  138.85734645776301  -6.7  0.91  0.7  0  0  0  0  0  0  0  0.00  0.00  0.78  
1.479  126.4386623862309  139.0757346457763  -6.26  -0.27  1.41  0  0  0  0  0  0  0  0.00  0.00  0.78  
1.503  127.00686623862309  139.41257346457763  -6.45  0.42  1.28  0  0  0  0  0  0  0  0.00  0.00  0.59  
1.526  127.33368662386232  139.65325734645776  -7.43  0.18  3.38  0  0  0  0  0  0  0  0.00  0.00  0.88  
1.55  127.29436866238623  139.78532573464577  -9.5  2.11  7.95  0  0  0  0  0  0  0  0.00  0.00  0.78  
1.573  127.12843686623862  139.72653257346457  -9.49  4.49  9.33  0  0  0  0  0  0  0  0.00  0.00  0.10  
1.597  126.70684368662386  139.30665325734645  -10.27  6.61  9.73  0  0  0  0  0  0  0  0.10  0.00  1.28  
1.62  126.59268436866238  138.89566532573465  -8.77  2.03  8.38  0  0  0  0  0  0  0  0.00  0.00  1.08  
1.644  126.60826843686624  138.54856653257346  -7.48  -2.47  7.22  0  0  0  0  0  0  0  0.00  0.00  0.20  
1.668  126.53782684368663  138.09085665325733  -6.89  -6.68  6.75  0  0  0  0  0  0  0  0.00  6.18  0.10  
1.691  125.95478268436867  137.44208566532575  -5.71  -4.86  5.64  0  0  0  0  0  0  0  0.00  7.36  0.49  
1.715  125.73447826843686  136.9182085665326  -6.42  -1.67  2.55  0  0  0  0  0  0  0  0.00  0.00  1.37  
1.738  125.51444782684368  136.24482085665326  -8.83  -2.48  0.57  0  0  0  0  0  0  0  0.00  0.00  0.78  
1.762  125.52844478268437  135.66448208566533  -8.64  -4.92  0.92  0  0  0  0  0  0  0  0.00  0.00  0.69  
1.785  125.28684447826845  134.90444820856652  -10.66  -3.22  1.4  0  0  0  0  0  0  0  0.00  0.00  0.69  
1.809  124.73168444782685  133.89244482085664  -15.7  -2.95  0.76  0  0  0  0  0  0  0  0.00  0.00  0.69  
1.832  124.14516844478268  132.67524448208567  -19.74  -0.21  -0.33  0  0  0  0  0  0  0  0.00  0.00  0.69  
1.856  123.70851684447827  131.8605244482086  -25.92  2.37  0.06  0  0  0  0  0  0  0  0.00  0.00  0.59  
1.88  123.53885168444782  131.41905244482086  -29.57  -0.08  1.34  0  0  0  0  0  0  0  0.00  0.00  0.88  
1.903  123.62988516844477  130.8169052444821  -31.37  -5.74  1.31  0  0  0  0  0  0  0  0.00  0.00  0.78  
1.928  123.05398851684447  129.8656905244482  -34.47  -6.01  -0.6  0  0  0  0  0  0  0  0.00  0.00  0.69  
1.951  122.61839885168445  129.0145690524448  -37.02  -5.78  -4.02  0  0  0  0  0  0  0  0.00  0.00  0.29  
1.975  122.31383988516845  128.1734569052445  -39.27  -8.18  -7.1  0  0  0  0  0  0  0  0.00  0.00  0.49  
1.998  120.99638398851684  126.91934569052445  -43.25  -0.31  -13.33  0  0  0  0  0  0  0  0.00  0.00  0.88  
2.022  118.71363839885167  125.86693456905243  -53.12  7.55  -20.72  0  0  0  0  0  0  0  0.00  0.00  0.69  
2.046  118.07136383988517  125.95969345690524  -59.8  14.41  -29.08  0  0  0  0  0  0  0  0.00  0.00  0.69  
2.07  117.58413638398852  126.75196934569053  -59.08  2.66  -32.86  0  0  0  0  0  0  0  0.00  0.00  0.29  
2.094  118.42641363839884  127.78519693456906  -56.76  1.4  -18.16  0  0  0  0  0  0  0  0.00  0.00  0.49  
2.117  117.12464136383988  129.7515196934569  -36.54  -116.75  -62.34  0  0  0  0  0  0  0  0.00  4.12  0.00  
2.142  120.25246413638398  132.2701519693457  -15.44  -13.48  -37.68  0  0  0  0  0  0  0  0.00  79.85  0.00  
2.165  121.7442464136384  133.05301519693455  -16.51  -1.89  -32.24  0  0  0  0  0  0  0  0.00  82.01  0.00  
2.189  123.03642464136385  133.42830151969346  -18.85  -35.81  -14.21  0  0  0  0  0  0  0  0.00  93.69  0.20  
2.213  121.89664246413639  132.58383015196935  -8.94  -45.92  1.19  0  0  0  0  0  0  0  0.00  6.97  8.14  
2.237  121.24266424641364  132.37338301519694  40.24  -35.56  6.66  0  0  0  0  0  0  0  0.00  0.00  2.45  
2.26  117.84726642464136  131.8393383015197  51.34  -6.04  9.27  0  0  0  0  0  0  0  0.00  0.00  0.59  
2.284  116.17572664246413  131.52493383015198  21.96  -15.15  -10.85  0  0  0  0  0  0  0  0.00  3.63  0.10  
2.309  113.8125726642464  130.1614933830152  9.24  6.01  -22.22  0  0  0  0  0  0  0  0.00  41.30  9.12  
2.332  112.45125726642463  128.99914933830152  -10.01  -28.0  -51.88  0  0  0  0  0  0  0  0.00  7.95  0.00  
2.356  110.37112572664246  127.72191493383015  -21.27  -37.69  -59.16  0  0  0  0  0  0  0  0.00  0.00  0.00  
2.38  111.38711257266425  127.513191493383  -26.66  -65.67  -64.38  0  0  0  0  0  0  0  0.00  0.00  0.00  
2.404  110.27371125726643  126.7543191493383  -40.05  -89.24  -53.96  0  0  0  0  0  0  0  0.00  0.00  0.49  
2.428  112.33137112572665  125.56243191493384  -37.44  -53.56  -70.85  0  0  0  0  0  0  0  0.00  52.78  7.26  
2.452  108.58613711257267  126.51424319149339  -113.0  -48.37  -250.14  0  0  0  0  0  0  0  0.00  16.68  8.24  
2.477  106.22261371125725  124.52142431914935  -80.05  32.89  -69.18  0  0  0  0  0  0  0  0.00  15.79  1.77  
2.5  108.80326137112573  127.59814243191494  -44.05  -131.15  -82.14  0  0  0  0  0  0  0  0.00  0.00  0.00  
2.524  102.88732613711258  125.92581424319148  -30.2  -134.37  -13.92  0  0  0  0  0  0  0  0.00  0.00  0.29  
2.548  96.87773261371126  124.29158142431915  -34.02  -130.49  -33.99  0  0  0  0  0  0  0  0.00  9.52  1.28  
2.572  91.65077326137111  122.08515814243192  -23.15  -22.76  -23.21  0  0  0  0  0  0  0  0.00  9.91  0.00  
2.596  90.22807732613711  121.23451581424318  -29.77  39.54  -27.27  0  0  0  0  0  0  0  0.00  88.88  0.00  
2.62  87.30480773261372  119.29545158142432  -22.44  -10.53  6.39  0  0  0  0  0  0  0  0.00  64.65  0.00  
2.643  85.79748077326137  117.47254515814242  -6.93  -39.82  -15.18  0  0  0  0  0  0  1  0.20  59.15  0.00  
2.668  83.53174807732613  116.50725451581424  -3.76  -17.37  -3.21  0  0  0  0  0  0  1  0.88  86.33  0.00  
2.692  82.26117480773262  116.23972545158142  -4.37  -4.15  -8.24  0  0  0  0  0  0  1  1.28  32.18  0.00  
2.716  81.31511748077325  116.44697254515815  -1.93  -13.63  -0.89  0  0  0  0  0  0  1  1.37  30.61  0.00  
2.74  80.37451174807732  116.28769725451582  -2.41  -12.37  3.15  0  0  0  0  0  0  1  1.57  56.51  0.00  
2.763  79.38045117480773  116.47876972545158  -0.67  -25.73  3.77  0  0  0  0  0  0  1  1.77  43.46  0.00  
2.788  78.19204511748077  116.20087697254516  -2.39  -7.39  3.91  0  0  0  1  0  0  1  1.86  30.51  0.00  
2.811  77.37120451174809  116.11908769725451  -1.87  -4.02  0.14  0  0  0  2  0  0  1  1.96  18.93  0.00  
2.835  77.01912045117481  115.90390876972545  -8.94  -2.93  -3.64  0  0  0  2  0  0  1  2.26  26.00  0.00  
2.86  76.30891204511748  115.59439087697254  -5.63  -2.08  0.18  0  0  0  3  0  0  1  2.45  77.11  0.00  
2.883  75.75189120451174  115.67143908769727  -6.24  1.34  -1.05  0  0  0  4  0  0  2  2.94  20.99  0.39  
2.908  75.61518912045116  115.94014390876973  -8.24  10.61  2.19  0  0  0  4  0  0  2  3.14  93.59  0.00  
2.931  75.37651891204511  115.84101439087696  -3.41  -4.18  -1.28  0  0  0  4  0  1  2  3.63  95.65  0.00  
2.956  75.0286518912045  115.53410143908769  -1.91  -2.5  2.65  0  0  0  5  0  1  2  3.92  95.65  0.98  
2.979  75.09286518912046  115.36841014390876  0.56  -3.25  4.36  0  0  0  5  0  1  2  4.22  95.75  0.00  
3.004  74.77528651891204  115.26184101439088  1.73  -3.69  8.89  0  0  0  5  0  1  2  4.22  95.65  0.00  
3.027  74.68952865189121  115.43118410143909  2.37  8.98  9.81  0  0  0  5  0  1  2  4.32  95.75  0.10  
3.051  74.23995286518912  115.50211841014391  -0.99  -4.47  1.57  0  0  0  5  0  1  2  4.32  95.55  0.00  
3.076  74.09599528651891  115.54521184101439  -2.24  -0.89  1.11  0  0  0  5  0  1  2  4.41  95.65  0.00  
3.099  73.9825995286519  115.63952118410144  -2.55  -3.51  -0.07  0  0  0  5  0  1  2  4.41  95.65  0.00  
3.124  73.74625995286519  115.63095211841014  -4.28  -5.44  -2.67  0  0  0  5  0  1  2  4.41  95.65  0.00  
3.148  73.43462599528652  115.61209521184102  -4.91  -7.79  -3.53  0  0  0  5  0  1  2  4.51  95.55  0.00  
3.172  73.27746259952866  115.5472095211841  -4.4  -3.6  -0.15  0  0  0  5  0  1  2  4.51  95.65  0.00  
3.196  73.07274625995286  115.5947209521184  -4.13  -3.4  -0.2  0  0  0  5  0  1  2  4.41  95.65  0.00  
3.22  72.92627462599529  115.59947209521182  -4.02  -2.31  -0.45  0  0  0  5  0  0  2  4.22  95.75  0.00  
3.245  72.83062746259952  115.51894720952119  -3.37  0.46  0.44  0  0  0  5  0  0  2  4.22  95.65  0.00  
3.268  72.77606274625995  115.59189472095211  -1.92  -0.48  1.77  0  0  0  5  0  0  2  4.12  95.65  0.20  
3.293  72.662606274626  115.61718947209522  -1.97  1.66  2.31  0  0  0  5  0  0  1  4.12  95.65  0.98  
3.316  72.6242606274626  115.56571894720952  -1.55  1.79  3.63  0  0  0  4  0  0  1  3.92  95.65  3.34  
3.34  72.52142606274626  115.56057189472095  0.16  3.95  5.67  0  0  0  4  0  0  1  3.73  95.65  0.00  
3.364  72.58314260627463  115.62305718947209  1.27  7.56  6.26  0  0  0  4  0  0  1  3.43  95.65  0.00  
3.388  72.67031426062746  115.71930571894721  2.82  6.53  8.3  0  0  0  4  0  0  1  3.04  95.75  0.10  
3.411  72.74203142606275  115.87293057189473  0.54  4.12  6.41  0  0  0  3  0  0  1  2.84  95.65  0.98  
3.435  72.92020314260627  115.95129305718946  0.7  3.34  6.21  0  0  0  3  0  0  1  2.75  95.65  2.35  
3.46  72.93802031426063  116.10312930571895  1.07  3.61  6.82  0  0  0  3  0  0  1  2.65  95.65  1.47  
3.483  73.05680203142606  116.2443129305719  1.1  2.71  5.42  0  0  0  3  0  0  1  2.65  95.55  0.69  
3.507  73.0596802031426  116.42043129305719  -1.19  1.31  2.53  0  0  0  3  0  0  1  2.75  95.65  0.69  
3.53  73.06896802031424  116.55504312930572  -3.69  -1.42  -1.24  0  0  0  4  0  0  1  2.84  95.65  0.39  
3.555  73.02489680203142  116.64050431293059  -3.6  -1.37  -0.89  0  0  0  4  0  0  1  2.94  95.65  0.29  
3.578  72.98448968020314  116.66705043129306  -3.11  -3.12  -3.29  0  0  0  4  0  0  1  3.24  95.65  0.10  
3.603  72.96244896802031  116.67870504312931  -5.29  -7.23  -5.32  0  0  0  4  0  0  1  3.34  95.55  0.00  
3.627  72.78924489680202  116.66187050431293  -6.15  -11.03  -7.53  0  0  0  4  0  0  1  3.63  95.65  0.00  
3.651  72.6639244896802  116.4981870504313  -7.24  -9.47  -7.08  0  0  0  4  0  0  1  3.73  95.65  0.00  
3.675  72.56139244896802  116.41881870504314  -6.63  -5.22  -4.66  0  0  0  4  0  0  1  3.83  95.55  0.00  
3.699  72.4071392448968  116.34788187050431  -2.62  -2.01  1.16  0  0  0  4  0  0  1  3.92  95.65  0.00  
3.723  72.29271392448969  116.29578818705043  -6.18  3.27  3.24  0  0  0  4  0  0  1  3.83  95.65  0.00  
3.746  72.11027139244896  116.35357881870505  -3.08  -2.86  -0.14  0  0  0  4  0  0  1  3.53  95.65  1.08  
3.771  72.11002713924489  116.37735788187051  -6.55  -4.27  -1.34  0  0  0  4  0  0  1  3.63  95.45  0.00  
3.794  72.11900271392449  116.46973578818705  -3.09  1.82  0.37  0  0  0  4  0  0  1  3.53  95.55  0.00  
3.819  72.07490027139245  116.41597357881871  -2.01  4.41  2.02  0  0  0  4  0  0  1  3.63  95.65  0.00  
3.843  72.15149002713925  116.44659735788187  -1.08  3.48  4.79  0  0  0  4  0  0  1  3.63  95.55  0.00  
3.866  72.15014900271393  116.56665973578818  -0.84  3.56  2.99  0  0  0  4  0  0  1  3.53  95.55  0.00  
3.891  72.12301490027139  116.5246659735788  -0.82  3.75  4.31  0  0  0  4  0  0  1  3.63  95.55  0.00  
3.914  72.17430149002715  116.57446659735787  -0.44  2.39  5.95  0  0  0  4  0  0  1  3.63  95.65  0.29  
3.938  72.2874301490027  116.62444665973578  1.95  -1.69  7.62  0  0  0  4  0  0  1  3.34  95.65  0.59  
3.961  72.21774301490026  116.6474446659736  0.55  -6.11  4.61  0  0  0  3  0  0  0  3.14  95.65  2.65  
3.986  72.29177430149002  116.79374446659736  0.6  -18.8  2.15  0  0  0  2  0  0  0  2.65  95.55  3.14  
4.009  71.86717743014898  116.90737444665974  2.6  -23.31  -2.53  0  0  0  2  0  0  0  2.35  95.55  0.00  
4.033  71.4377177430149  116.87373744466598  0.27  -26.34  -3.37  0  0  0  1  0  0  0  2.26  95.55  3.24  
4.058  70.8007717743015  117.1043737444666  -0.86  -19.73  -1.79  0  0  0  1  0  0  0  2.06  95.65  4.61  
4.081  70.47607717743014  116.22743737444665  -12.68  -2.81  -4.31  0  0  0  1  0  0  0  1.67  95.65  4.61  
4.106  70.60560771774303  116.15774373744468  -11.85  7.5  -7.92  0  0  0  2  0  0  0  1.47  95.55  2.45  
4.129  70.0155607717743  116.22277437374447  -14.5  -14.22  -7.38  0  0  0  2  0  0  0  1.67  95.55  0.00  
4.153  69.43455607717743  116.06727743737444  -15.5  4.25  -9.07  0  0  0  2  0  0  0  2.26  95.55  0.00  
4.177  68.81845560771774  114.62972774373743  -12.77  30.69  -9.03  0  0  0  3  0  0  0  2.55  95.55  0.00  
4.201  68.76584556077178  115.48497277437374  13.67  32.91  -24.63  0  0  0  3  0  0  0  2.75  95.65  0.00  
4.226  71.83858455607718  118.34249727743737  -0.07  55.12  5.02  0  0  0  4  0  0  1  3.14  95.65  0.00  
4.249  73.78385845560773  115.42424972774374  11.47  -25.34  -1.61  0  0  0  3  0  0  1  3.53  95.65  0.10  
4.274  72.53838584556078  115.15042497277437  -0.5  -9.59  18.59  0  0  0  3  0  0  1  3.53  52.68  1.67  
4.297  73.12483858455607  115.51904249727744  1.66  66.0  9.32  0  0  0  2  0  0  1  3.24  31.49  0.59  
4.321  73.6334838584556  115.87090424972774  2.24  -9.33  8.02  0  0  0  2  0  0  1  2.55  59.64  0.00  
4.345  73.01834838584556  115.85209042497277  2.5  4.56  8.12  0  0  0  2  0  0  1  2.16  17.17  2.94  
4.369  73.15483483858456  116.06620904249728  0.24  11.49  6.69  0  0  0  2  0  0  1  1.96  16.38  1.67  
4.392  73.13248348385845  116.23162090424972  -0.56  3.02  4.93  0  0  0  2  0  0  1  1.57  20.31  1.18  
4.417  73.19324834838585  116.42816209042498  -2.14  5.95  4.04  0  0  0  2  0  0  0  1.67  85.35  0.00  
4.441  73.13632483483858  116.59181620904249  -2.53  -1.18  1.21  0  0  0  2  0  0  0  1.47  66.81  0.00  
4.464  73.05863248348386  116.67118162090426  -4.35  -2.84  0.18  0  0  0  2  0  0  0  1.47  30.31  5.89  
4.489  73.05086324834839  116.70611816209042  -5.47  -4.49  -2.58  0  0  0  2  0  0  0  1.47  94.86  0.29  
4.512  72.96008632483483  116.77261181620904  -4.87  -4.46  -1.4  0  0  0  2  0  0  0  1.28  95.65  0.00  
4.537  72.84300863248347  116.77926118162091  -6.0  -2.95  -1.4  0  0  0  2  0  0  0  1.47  95.65  0.00  
4.56  72.75930086324836  116.7439261181621  -5.5  -3.82  -1.84  0  0  0  2  0  0  0  1.37  95.65  0.00  
4.585  72.66993008632484  116.63239261181621  -5.22  -2.24  -1.3  0  0  0  2  0  0  0  1.47  95.65  0.00  
4.609  72.58899300863249  116.61223926118161  -4.58  0.7  -0.05  0  0  0  2  0  0  0  1.47  95.65  0.00  
4.632  72.68889930086326  116.58322392611815  -3.59  4.0  1.9  0  0  0  2  0  0  0  1.47  95.75  0.78  
4.657  72.64488993008632  116.70632239261181  0.01  2.8  5.2  0  0  0  1  0  0  0  1.37  95.65  0.98  
4.68  72.50548899300863  116.79063223926119  -1.17  1.37  2.42  0  0  0  1  0  0  0  1.47  95.75  0.10  
4.704  72.41054889930088  116.77206322392612  -2.31  3.11  1.89  0  0  0  1  0  0  0  1.37  95.75  0.00  
4.728  72.47305488993008  116.77020632239261  -1.91  2.44  2.82  0  0  0  1  0  0  0  1.28  95.65  0.00  
4.752  72.443305488993  116.75202063223927  -2.22  0.72  2.8  0  0  0  1  0  0  0  1.37  95.65  0.59  
4.775  72.4853305488993  116.79520206322393  -2.08  1.74  2.27  0  0  0  1  0  0  0  1.28  95.65  0.78  
4.799  72.48053305488993  116.87152020632239  -2.47  0.76  2.12  0  0  0  1  0  0  0  1.28  95.75  0.29  
4.824  72.552053305489  116.84315202063225  -3.01  0.03  1.52  0  0  0  1  0  0  0  1.28  95.75  0.10  
4.847  72.5502053305489  116.90331520206321  -3.06  1.08  1.43  0  0  0  1  0  0  0  1.28  95.65  0.10  
4.871  72.60402053305489  116.95433152020631  -3.04  1.24  1.39  0  0  0  1  0  0  0  1.28  95.75  0.49  
4.895  72.56440205330549  116.98643315202062  -2.93  0.32  1.51  0  0  0  1  0  0  0  1.28  95.65  0.29  
4.919  72.63244020533055  116.98964331520206  -2.7  0.88  1.59  0  0  0  1  0  0  0  1.28  95.65  0.20  
4.942  72.63924402053306  117.0259643315202  -2.93  -0.74  0.92  0  0  0  1  0  0  0  1.28  95.65  0.78  
4.967  72.58592440205331  117.07459643315201  -3.4  0.34  0.98  0  0  0  1  0  0  0  1.37  95.65  0.39  
4.99  72.56259244020534  117.0794596433152  -3.35  -0.58  0.69  0  0  0  1  0  0  0  1.37  95.65  0.69  
5.014  72.51525924402053  117.12494596433152  -3.86  -1.76  -0.09  0  0  0  1  0  0  0  1.37  95.65  0.98  
5.039  72.47452592440204  117.04849459643316  -4.6  0.1  0.11  0  0  0  1  0  0  0  1.37  95.65  0.29  
5.062  72.4434525924402  117.04084945964333  -4.61  -1.45  -0.08  0  0  0  1  0  0  0  1.37  95.65  0.29  
5.087  72.38634525924401  117.02208494596432  -4.03  -1.65  0.09  0  0  0  1  0  0  0  1.37  95.55  0.20  
5.11  72.3446345259244  117.01120849459645  -3.73  0.66  0.4  0  0  0  1  0  0  0  1.28  95.75  0.49  
5.134  72.34046345259245  117.05512084945964  -3.81  -0.66  0.17  0  0  0  1  0  0  0  1.37  95.65  0.49  
5.158  72.29504634525925  117.02351208494596  -3.37  0.49  0.82  0  0  0  1  0  0  0  1.37  95.65  0.10  
5.182  72.29050463452593  117.00235120849459  -3.5  0.56  0.93  0  0  0  1  0  0  0  1.37  95.65  0.59  
5.206  71.89405046345259  117.00923512084947  -2.64  -0.66  -0.52  0  0  0  1  0  0  0  1.37  95.55  0.39  
5.23  72.02540504634527  116.90192351208495  -3.29  2.82  1.34  0  0  0  1  0  0  0  1.37  95.65  0.39  
5.254  72.22754050463453  116.7111923512085  0.09  2.68  1.98  0  0  0  1  0  0  0  1.37  95.65  0.49  
5.277  72.20275405046345  116.70111923512084  -1.59  -1.68  1.8  0  0  0  1  0  0  0  1.28  95.55  0.39  
5.302  72.19127540504635  116.72711192351208  -2.48  2.09  1.05  0  0  0  1  0  0  0  1.28  95.65  0.49  
5.325  69.65212754050464  114.1917111923512  27.9  13.8  -12.15  0  0  0  1  0  0  0  1.18  95.75  0.20  
5.35  70.29821275405047  111.74217111923512  -7.44  11.62  6.23  0  0  0  1  0  0  0  1.28  95.55  0.88  
5.373  70.65982127540505  111.72221711192351  -9.08  -8.1  0.01  0  0  0  1  0  0  0  1.18  95.65  0.59  
5.398  70.87598212754051  112.17922171119235  -6.69  -1.76  5.15  0  0  0  1  0  0  0  1.18  95.55  0.78  
5.422  71.05959821275405  112.92692217111923  -4.1  1.42  1.79  0  0  0  1  0  0  0  1.28  95.65  0.00  
5.445  66.9199598212754  109.61769221711192  -54.57  86.37  -250.14  0  0  0  1  0  0  0  1.28  95.65  1.37  
5.47  66.07399598212754  109.70076922171118  -250.14  152.06  -250.14  0  0  0  1  0  0  0  1.28  95.55  0.49  
5.494  79.25539959821275  116.88207692217112  -9.38  59.76  -27.31  0  0  0  1  0  0  0  1.37  95.65  0.00  
5.518  79.04353995982127  117.0062076922171  -22.82  72.6  23.52  0  0  0  1  0  0  0  1.18  95.65  0.00  
5.542  82.82035399598212  117.4866207692217  -57.5  -113.04  -7.21  0  0  0  1  0  0  0  1.47  95.55  0.00  
5.567  80.95703539959821  115.52766207692218  -19.05  -66.22  -4.37  0  0  0  1  0  0  0  1.47  95.65  0.00  
5.591  76.92770353995982  109.90476620769222  -26.85  56.45  -17.91  0  0  0  1  0  0  0  1.47  95.65  0.49  
5.615  78.126770353996  108.69447662076922  -14.73  165.79  7.09  0  0  0  1  0  0  0  1.37  95.65  0.29  
5.64  81.8106770353996  109.89644766207692  -7.32  58.28  -3.24  0  0  0  1  0  0  0  1.37  95.65  0.69  
5.663  90.19806770353995  114.8226447662077  43.4  -84.64  -20.08  0  0  0  1  0  0  0  1.18  95.55  0.10  
5.688  88.41780677035399  115.65726447662077  -35.11  -250.13  -72.56  0  0  0  1  0  0  0  1.37  95.65  0.20  
5.711  83.39778067703541  115.44372644766207  3.68  13.62  14.58  0  0  0  1  0  0  0  1.28  95.65  0.10  
5.736  86.39677806770354  117.0783726447662  8.19  58.85  12.17  0  0  0  1  0  0  0  1.28  95.65  0.10  
5.76  84.26667780677036  116.81883726447663  -9.08  -106.41  -11.19  0  0  0  1  0  0  0  1.28  95.65  0.39  
5.784  82.35266778067704  115.87488372644766  0.95  41.69  11.65  0  0  0  1  0  0  0  1.28  95.55  0.59  
5.808  81.1892667780677  117.43648837264476  1.23  10.95  -11.96  0  0  0  1  0  0  0  1.28  95.65  0.88  
5.832  79.84892667780677  116.35964883726447  -2.31  -59.56  -3.62  0  0  0  1  0  0  0  1.37  95.65  0.78  
5.856  78.84189266778067  116.21596488372644  3.98  24.74  0.44  0  0  0  1  0  0  0  1.37  95.65  0.59  
5.88  78.42618926677807  115.79659648837264  1.77  -21.67  1.11  0  0  0  1  0  0  0  1.37  95.55  0.20  
5.904  77.47561892667781  115.77265964883726  -0.44  -10.58  -1.03  0  0  0  1  0  0  0  1.37  95.65  0.00  
5.928  77.28156189266778  115.59926596488373  15.69  5.64  -4.08  0  0  0  1  0  0  0  1.37  95.65  0.20  
5.952  76.54215618926676  116.91392659648837  35.15  -3.15  1.11  0  0  0  1  0  0  0  1.28  95.55  0.39  
5.976  76.33321561892667  118.68339265964883  35.42  -3.21  3.65  0  0  0  1  0  0  0  1.28  95.55  0.10  
6.0  76.39332156189268  119.19333926596488  17.58  15.52  -3.25  0  0  0  1  0  0  0  1.28  95.65  0.10  
6.024  75.97633215618927  119.10033392659649  -2.04  -15.96  2.31  0  0  0  1  0  0  0  1.28  95.55  0.00  
6.048  74.79163321561893  118.54203339265965  -47.76  -33.19  29.39  0  0  0  1  0  0  0  1.28  95.55  0.10  
6.072  74.0881633215619  117.91920333926596  -74.49  53.14  64.87  0  0  0  1  0  0  0  1.28  95.65  0.00  
6.096  75.1698163321562  118.5679203339266  -34.41  122.89  62.35  0  0  0  1  0  0  0  1.28  95.65  0.00  
6.121  76.98798163321563  119.39779203339265  -7.98  -97.79  -17.76  0  0  0  1  0  0  0  1.28  95.55  0.00  
6.145  76.78279816332156  119.75077920333926  -30.1  -90.19  29.44  0  0  0  1  0  0  0  1.18  95.65  0.29  
6.169  76.08727981633216  119.07507792033394  -102.91  -97.34  62.77  0  0  0  1  0  0  0  1.18  95.55  0.29  
6.194  75.12672798163321  117.15350779203338  -75.63  91.06  68.3  0  0  0  1  0  0  0  1.28  95.55  0.39  
6.217  76.63267279816333  114.74735077920334  -86.25  82.15  45.43  0  0  0  1  0  0  0  1.18  95.55  0.49  
6.242  80.44626727981634  113.93073507792033  -142.57  185.04  136.23  0  0  0  1  0  0  0  1.18  95.55  0.49  
6.266  78.55962672798164  110.97807350779203  -110.24  59.04  84.14  0  0  0  1  0  0  0  1.28  95.55  0.69  
6.29  78.20896267279817  109.9898073507792  -43.62  67.58  -15.17  0  0  0  1  0  0  0  1.18  95.65  0.59  
6.315  82.70089626727983  108.87398073507792  -33.4  58.07  -31.91  0  0  0  1  0  0  0  1.18  95.55  0.59  
6.338  83.87908962672799  106.6743980735078  -23.46  23.3  -25.61  0  0  0  1  0  0  0  1.28  95.55  0.29  
6.363  86.3369089626728  105.38343980735077  -31.26  53.9  38.74  0  0  0  1  0  0  0  1.37  95.55  0.10  
6.387  87.05969089626728  104.82234398073508  -20.98  7.08  10.11  0  0  0  1  0  0  0  1.28  95.55  0.69  
6.411  87.82496908962673  104.6042343980735  -31.83  67.21  5.63  0  0  0  1  0  0  0  1.37  95.65  0.59  
6.435  91.20449690896267  103.67342343980734  -44.6  27.89  10.86  0  0  0  1  0  0  0  1.37  95.65  0.49  
6.459  92.80244969089627  103.07634234398074  -45.54  25.85  6.73  0  0  0  1  0  0  0  1.28  95.65  0.59  
6.483  91.09024496908962  101.48663423439808  -109.08  -28.21  -12.95  0  0  0  1  0  0  0  1.18  95.65  0.10  
6.508  92.24202449690897  99.3116634234398  -85.11  56.72  4.5  0  0  0  1  0  0  0  1.28  95.65  0.20  
6.532  93.2662024496909  97.06016634234399  -72.67  40.65  15.21  0  0  0  1  0  0  0  1.37  95.65  0.00  
6.555  94.70062024496909  95.6380166342344  -85.31  58.65  5.11  0  0  0  1  0  0  0  1.28  95.55  0.00  
6.58  96.00506202449692  92.66080166342343  -38.8  66.54  -35.6  0  0  0  1  0  0  0  1.28  95.55  0.00  
6.603  97.19750620244969  89.85208016634235  -8.18  47.69  -52.27  0  0  0  1  0  0  0  1.28  95.55  0.00  
6.628  98.27975062024497  88.57220801663424  -17.3  62.68  -18.44  0  0  0  1  0  0  0  1.18  95.65  0.00  
6.651  99.42297506202449  88.15622080166342  -14.79  74.1  -2.11  0  0  0  1  0  0  0  1.28  95.65  0.00  
6.676  101.59829750620246  88.33962208016634  -14.45  71.02  6.11  0  0  0  1  0  0  0  1.28  95.55  0.00  
6.7  102.89582975062025  87.46696220801664  -9.92  40.08  9.24  0  0  0  1  0  0  0  1.37  95.65  0.20  
6.724  105.04158297506203  87.14569622080167  -5.74  36.71  22.25  0  0  0  1  0  0  0  1.28  95.65  0.20  
6.748  105.54415829750619  82.99156962208016  6.47  -125.84  -70.67  0  0  0  1  0  0  0  1.28  95.55  0.20  
6.772  106.80941582975062  83.46715696220801  20.89  -37.17  23.58  0  0  0  1  0  0  0  1.28  95.65  0.39  
6.796  105.43294158297508  85.2427156962208  42.41  -120.27  33.24  0  0  0  1  0  0  0  1.28  95.55  0.39  
6.82  99.7422941582975  82.91827156962208  65.09  -190.73  0.97  0  0  0  1  0  0  0  1.08  95.55  0.39  
6.845  98.18322941582974  82.56882715696221  -11.9  66.25  0.39  0  0  0  1  0  0  0  1.18  95.55  0.78  
6.868  98.64832294158298  82.83988271569623  19.73  -54.11  -8.92  0  0  0  0  0  0  0  1.08  95.55  0.49  
6.892  98.6228322941583  84.18098827156963  10.75  -14.68  11.66  0  0  0  1  0  0  0  1.08  95.55  0.69  
6.917  122.20028322941582  67.42209882715697  69.05  250.14  -115.5  0  0  0  1  0  0  0  1.08  95.06  1.37  
6.941  118.82502832294158  67.1502098827157  27.85  -134.36  -10.44  0  0  0  1  0  0  0  0.98  35.81  3.34  
6.965  125.58850283229415  64.70202098827158  2.7  151.84  74.63  0  0  0  0  0  0  0  1.08  75.34  0.00  
6.989  119.78485028322942  67.49920209882715  2.97  -17.38  55.69  0  0  0  0  0  0  0  1.18  59.06  2.45  
7.013  120.59048502832295  69.57892020988271  -7.25  63.8  28.54  0  0  0  0  0  0  0  1.08  95.65  0.10  
7.037  117.8450485028323  73.41389202098827  -0.21  0.25  20.05  0  0  0  0  0  0  0  1.08  95.65  0.00  
7.061  115.56350485028324  75.84938920209883  12.04  -62.02  17.02  0  0  0  0  0  0  0  1.08  95.45  0.00  
7.086  111.97835048502832  77.88393892020989  2.98  -47.98  14.48  0  0  0  0  0  0  0  1.18  45.42  5.20  
7.109  108.63183504850284  78.60939389202099  0.5  3.94  10.73  0  0  0  0  0  0  0  0.98  89.17  0.69  
7.133  107.59518350485028  79.74393938920211  7.31  -29.82  16.1  0  0  0  0  0  0  0  1.08  59.25  2.35  
7.157  106.69951835048502  82.16139393892023  11.19  -18.08  9.38  0  0  0  0  0  0  0  0.88  34.43  0.78  
7.181  104.1889518350485  84.75213939389202  12.75  -95.08  35.08  0  0  0  0  0  0  0  0.98  39.73  4.02  
7.205  101.86789518350484  86.21721393938921  0.25  8.33  3.34  0  0  0  0  0  0  0  0.88  0.00  1.86  
7.229  101.30278951835048  87.01172139393893  3.83  -13.07  4.37  0  0  0  0  0  0  0  0.88  0.00  1.47  
7.252  99.92327895183504  87.7571721393939  3.27  -9.74  3.83  0  0  0  0  0  0  0  0.98  0.00  1.77  
7.276  99.28132789518351  88.37171721393939  0.26  2.82  4.11  0  0  0  0  0  0  0  0.78  0.00  2.45  
7.3  98.42513278951834  89.03617172139394  2.0  -6.06  4.91  0  0  0  0  0  0  0  0.78  0.00  2.45  
7.323  97.88951327895182  89.51661717213939  0.25  1.84  6.51  0  0  0  0  0  0  0  0.88  0.00  0.49  
7.347  97.20595132789518  90.05066171721394  1.76  -6.34  6.77  0  0  0  0  0  0  0  0.78  0.00  0.78  
7.37  96.63359513278951  90.4820661717214  1.03  -2.1  7.24  0  0  0  0  0  0  0  0.78  0.00  1.08  
7.394  96.00035951327895  90.86720661717214  3.89  -1.93  9.15  0  0  0  0  0  0  0  0.69  9.22  1.86  
7.417  95.6850359513279  91.18472066171721  2.34  0.07  6.27  0  0  0  0  0  0  0  0.78  94.18  0.00  
7.441  95.34750359513279  91.37847206617172  3.99  -3.52  6.59  0  0  0  0  0  0  0  0.88  95.55  0.00  
7.464  94.92675035951328  91.57784720661716  3.78  6.2  5.56  0  0  0  0  0  0  0  0.88  95.65  0.00  
7.488  94.92967503595133  91.8227847206617  2.56  9.04  5.23  0  0  0  0  0  0  0  0.69  94.18  0.88  
7.512  95.12796750359513  92.08127847206617  2.0  3.79  4.1  0  0  0  0  0  0  0  0.59  46.50  6.08  
7.535  95.45379675035952  92.44912784720661  -1.26  8.79  5.61  0  0  0  0  0  0  0  0.59  1.57  4.61  
7.558  95.78337967503595  92.76491278472065  -1.44  -1.51  6.88  0  0  0  0  0  0  0  0.49  1.37  1.47  
7.581  95.1233379675036  92.67049127847207  2.82  -10.92  4.54  0  0  0  0  0  0  0  0.39  1.37  0.00  
7.605  95.14733379675036  93.0210491278472  -5.29  9.33  6.5  0  0  0  0  0  0  0  0.49  1.08  1.57  
7.628  95.89673337967504  93.12810491278472  -6.49  -7.11  9.24  0  0  0  0  0  0  0  0.49  0.00  0.00  
7.652  95.7016733379675  93.42681049127846  -7.31  -16.66  7.69  0  0  0  0  0  0  0  0.69  12.46  0.00  
7.676  95.41216733379675  93.51068104912784  -5.89  -17.45  6.99  0  0  0  0  0  0  0  0.69  41.01  0.00  
7.7  94.91521673337967  93.26706810491278  -6.15  -22.47  3.24  0  0  0  0  0  0  1  0.69  58.86  0.00  
7.724  94.22652167333797  92.87370681049127  4.43  -25.35  4.99  0  0  0  0  0  0  1  0.49  26.00  0.00  
7.747  93.7976521673338  92.78937068104914  4.67  -16.91  2.94  0  0  0  0  0  0  1  0.59  34.04  0.00  
7.771  93.46676521673338  92.69993706810492  8.85  -13.61  6.87  0  0  0  0  0  0  1  0.49  38.95  0.39  
7.794  93.07367652167333  92.9519937068105  8.44  16.92  9.75  0  0  0  0  0  0  1  0.29  14.32  0.20  
7.819  92.83636765216734  93.32819937068105  10.29  12.01  15.15  0  0  0  0  0  0  1  0.39  11.87  0.00  
7.842  93.13663676521674  93.3658199370681  10.31  14.85  15.4  0  0  0  0  0  0  1  0.39  11.77  0.00  
7.866  92.77066367652168  93.7115819937068  12.94  22.26  20.6  0  0  0  0  0  0  2  0.29  12.95  0.00  
7.889  93.20206636765217  94.26815819937069  1.11  25.31  16.21  0  0  0  0  0  0  3  0.00  13.73  0.00  
7.914  93.39820663676522  94.54881581993706  1.23  25.53  14.92  0  0  0  0  0  0  4  0.00  12.75  0.00  
7.938  93.91282066367653  94.73888158199371  -2.35  20.95  9.71  0  0  0  0  0  0  4  0.00  11.67  0.69  
7.961  94.78328206636765  94.77588815819938  -6.09  15.67  7.89  0  0  0  0  0  1  4  0.10  12.95  0.00  
7.986  95.04132820663676  94.90558881581993  -3.3  13.71  4.38  0  0  0  0  0  1  4  0.20  14.42  3.53  
8.009  95.35513282066367  94.88255888158199  -4.66  9.19  0.34  0  0  0  0  0  1  4  0.29  19.62  0.00  
8.033  95.82751328206636  94.85325588815819  -7.34  7.76  2.34  0  0  0  0  0  1  4  0.39  30.31  0.00  
8.057  95.98275132820663  94.86832558881582  -6.09  2.04  -0.47  0  0  0  0  0  2  5  0.39  29.14  0.00  
8.081  96.25027513282066  94.93283255888159  -5.49  8.18  2.87  0  0  0  1  0  2  5  0.49  26.49  0.00  
8.104  96.43902751328206  94.98428325588816  -7.37  7.02  4.93  0  0  0  2  0  2  5  0.69  29.23  0.00  
8.129  96.5119027513282  94.93542832558883  -9.39  4.58  3.7  0  0  0  3  0  2  5  1.08  10.30  0.69  
8.153  96.96019027513283  94.8045428325589  -15.47  10.86  6.86  0  0  0  4  0  2  6  1.57  3.14  0.00  
8.177  97.40101902751329  94.53045428325589  -8.71  1.91  8.81  0  0  0  6  1  3  5  2.94  0.00  0.00  
8.201  97.47210190275132  94.31404542832558  -7.06  -7.11  -1.79  0  0  0  6  1  3  5  4.61  0.00  0.00  
8.225  97.33521019027512  94.22040454283255  -5.24  -9.0  -1.49  0  0  0  7  1  3  5  5.49  0.00  0.00  
8.249  97.1235210190275  94.12104045428325  -2.31  -19.34  -4.11  0  0  0  6  0  3  4  5.49  0.00  0.20  
8.273  96.65235210190275  94.17410404542834  -2.29  -28.84  -8.61  0  0  0  6  0  2  3  5.20  0.00  1.57  
8.297  95.93023521019028  94.35041040454284  -0.66  -34.37  -8.37  0  0  0  5  0  1  2  4.61  0.00  2.45  
8.322  95.91202352101902  94.23304104045428  -4.68  -16.34  -3.37  0  0  0  3  0  1  2  4.22  0.00  3.24  
8.345  95.35220235210191  94.21230410404543  -5.31  -13.32  -5.31  0  0  0  3  0  0  2  3.73  1.37  2.55  
8.37  95.10722023521019  94.21923041040455  -4.73  -10.98  -7.33  0  0  0  2  0  0  1  3.14  49.25  0.88  
8.393  94.81272202352102  94.18392304104047  -0.36  -13.67  -6.9  0  0  0  2  0  0  1  2.94  95.55  0.00  
8.418  93.9912722023521  94.63039230410405  1.04  -16.54  -9.16  0  0  0  2  0  0  1  2.84  95.65  1.96  
8.441  93.93612722023522  94.6840392304104  -2.27  4.5  -1.75  0  0  0  2  0  0  2  3.04  95.65  0.00  
8.466  94.28161272202351  94.56340392304104  0.56  -2.98  1.91  0  0  0  2  0  0  2  3.43  74.26  3.34  
8.489  94.22616127220235  94.5063403923041  -1.94  18.05  8.26  0  0  0  3  0  1  2  3.83  0.49  1.57  
8.514  94.16661612722024  94.64463403923041  -2.16  14.56  9.75  0  0  0  4  0  1  3  4.71  0.00  0.88  
8.538  94.05266161272203  94.56846340392303  -3.11  10.94  9.5  0  0  0  5  0  2  4  5.79  0.00  0.00  
8.561  93.9332661612722  94.6598463403923  -2.51  7.47  9.27  0  0  0  6  1  3  4  6.97  0.00  0.00  
8.586  93.81332661612723  94.58798463403923  -4.66  4.65  6.07  0  0  0  6  1  3  5  8.53  0.00  0.00  
8.609  93.66633266161273  94.55379846340392  -4.5  -7.02  3.53  0  0  0  7  1  3  5  9.22  1.57  0.00  
8.634  93.65163326616128  94.55037984634039  -3.95  -2.59  2.12  0  0  0  7  1  3  6  9.91  1.18  0.00  
8.657  93.53316332661612  94.44203798463404  -4.34  -14.27  -4.53  0  0  0  7  1  3  6  10.30  1.57  0.00  
8.682  93.31431633266162  94.40420379846341  -5.02  -10.95  -4.05  0  0  0  7  1  3  6  10.50  0.78  0.98  
8.706  93.31943163326616  94.30142037984635  -4.69  -10.01  -0.81  0  0  0  7  1  3  6  10.40  9.12  0.00  
8.73  93.34694316332661  94.33614203798464  -3.03  -7.89  6.33  0  0  0  7  1  3  6  10.69  88.58  0.00  
8.755  93.30469431633266  94.32161420379845  -5.5  -20.86  8.34  0  0  0  7  1  3  6  12.07  2.35  4.02  
8.778  93.02146943163326  94.33816142037985  -14.15  -17.96  6.32  0  0  0  8  1  4  7  13.05  3.14  0.49  
8.803  92.03014694316333  94.03381614203799  -21.21  -18.5  -2.44  0  0  0  8  1  4  8  14.62  3.04  0.00  
8.827  91.50801469431633  93.67938161420379  -20.04  -15.35  2.41  0  0  0  8  1  5  9  16.28  6.97  0.00  
8.852  91.50980146943164  93.85993816142039  -22.03  -33.94  -5.11  0  0  0  9  2  5  10  17.95  7.75  0.00  
8.876  90.24998014694316  93.51799381614204  -19.21  -43.31  -4.15  0  0  0  8  2  5  10  19.03  15.11  0.00  
8.9  89.71899801469432  93.3937993816142  -31.23  -15.98  4.12  0  0  0  8  2  5  11  20.11  92.12  0.00  
8.925  88.99989980146944  92.66137993816142  -16.24  -21.82  -1.59  0  0  0  8  2  5  11  20.50  95.55  3.63  
8.949  88.01898998014694  92.16513799381615  -4.05  -19.97  0.27  0  0  0  8  2  5  11  20.60  95.55  2.94  
8.973  87.2458989980147  91.62051379938163  2.26  15.35  1.42  0  0  0  8  2  5  11  20.70  95.26  2.45  
8.997  86.97958989980148  91.44905137993817  19.92  35.5  12.01  0  0  0  8  2  5  11  20.11  17.07  7.85  
9.022  87.78995898998015  92.27790513799383  24.57  58.3  12.11  0  0  0  9  2  4  10  18.64  2.16  2.45  
9.046  88.41999589899801  93.07179051379937  9.37  16.41  3.82  1  0  0  9  2  5  10  17.46  3.24  1.37  
9.07  88.4109995898998  93.45717905137994  0.87  1.62  2.41  1  0  0  10  2  4  9  16.87  3.34  0.00  
9.094  88.91409995899  93.43271790513799  3.11  3.02  4.33  1  0  0  9  2  4  9  15.99  3.63  0.00  
9.118  88.847409995899  93.3132717905138  11.6  7.14  5.49  1  0  0  9  1  3  8  15.21  1.28  0.00  
9.142  88.7777409995899  93.68832717905138  0.76  11.26  -1.23  1  0  0  8  1  3  7  13.64  0.88  0.00  
9.166  88.93277409995899  93.74383271790514  -0.88  3.36  -1.81  1  0  0  8  1  3  6  11.97  0.00  0.49  
9.19  89.4162774099959  93.82138327179051  0.29  4.19  -0.55  1  0  0  8  1  2  6  11.18  0.00  0.59  
9.214  89.45562774099959  93.92813832717906  3.18  -0.33  -0.33  1  0  0  8  1  2  5  10.40  0.00  0.49  
9.238  89.53156277409997  94.1638138327179  1.82  2.08  -1.04  1  0  0  7  1  2  5  9.32  0.00  1.28  
9.263  89.66515627741  94.08838138327178  -2.08  6.27  -1.84  1  0  0  8  1  2  5  8.73  0.00  1.57  
9.286  89.840515627741  94.12583813832717  -3.55  8.99  -1.86  1  0  0  8  1  2  5  8.63  0.00  0.69  
9.311  90.1370515627741  94.22858381383271  -2.27  5.27  -0.72  1  0  0  8  1  2  5  8.53  0.00  0.10  
9.334  90.30170515627741  94.30185838138327  -0.95  2.89  -0.5  1  0  0  8  1  2  4  8.44  0.00  0.78  
9.358  90.30017051562774  94.35418583813833  -0.16  3.44  -0.88  1  0  0  7  1  2  4  8.24  0.00  0.88  
9.382  90.50701705156277  94.45841858381382  -1.98  6.66  -0.59  0  0  0  7  1  2  4  7.95  0.00  1.37  
9.406  90.68070170515628  94.44184185838138  -2.44  4.07  -0.98  0  0  0  7  1  2  4  7.36  0.00  1.57  
9.431  90.79707017051562  94.48518418583814  -2.21  5.13  0.14  0  0  0  7  1  2  4  7.16  0.00  0.78  
9.454  90.87170701705156  94.50751841858383  -1.73  1.31  -0.23  0  0  0  7  1  1  4  7.16  0.00  1.08  
9.479  90.95117070170514  94.54575184185838  -2.92  4.63  -0.31  0  0  0  7  1  1  4  7.06  0.00  0.39  
9.502  90.96811707017052  94.69357518418582  -3.37  5.25  0.26  0  0  0  7  1  1  4  7.06  0.00  1.18  
9.527  91.15881170701707  94.71735751841858  -2.81  2.1  0.36  0  0  0  7  1  1  4  6.97  0.00  0.20  
9.55  91.3308811707017  94.74673575184187  -2.44  1.27  0.84  0  0  0  7  1  1  4  7.06  0.00  0.00  
9.574  91.37508811707018  94.81267357518418  -1.79  1.36  2.4  0  0  0  7  1  1  4  7.06  0.00  0.29  
9.598  91.30750881170701  94.88226735751842  -1.84  -0.24  1.59  0  0  0  7  1  1  4  7.16  0.00  0.20  
9.622  91.3907508811707  94.80822673575183  -3.54  2.16  1.38  0  0  0  7  1  1  4  7.46  0.00  0.49  
9.646  91.30907508811707  94.82782267357517  -2.83  0.74  1.03  0  0  0  7  1  1  4  7.55  0.00  0.10  
9.67  91.3009075088117  94.85678226735752  -2.28  0.72  1.5  0  0  0  7  1  2  4  7.75  0.00  0.10  
9.694  91.39009075088117  94.87767822673575  -2.17  1.05  1.42  0  0  0  8  1  2  4  7.95  0.00  0.00  
9.718  91.41700907508812  94.87076782267359  -2.48  -0.71  -0.21  0  0  0  8  1  2  4  8.14  0.00  0.39  
9.742  91.4827009075088  94.86107678226735  -2.76  2.73  0.4  1  0  0  8  1  2  4  8.24  0.00  0.59  
9.766  91.5252700907509  94.88710767822673  -2.62  1.26  0.61  1  0  0  8  1  1  4  8.44  0.00  0.39  
9.79  91.59252700907508  94.89871076782268  -2.02  -1.49  1.04  0  0  0  8  1  1  4  8.14  0.00  0.39  
9.814  91.48225270090751  94.90887107678226  -1.86  -2.99  0.66  0  0  0  7  1  1  4  7.95  0.00  0.49  
9.838  91.45322527009075  94.96388710767822  -2.33  -2.15  1.14  0  0  0  7  1  1  4  7.65  0.00  0.39  
9.862  91.41432252700908  95.03238871076782  -1.85  -4.64  1.69  0  0  0  7  1  1  3  7.36  0.00  0.59  
9.886  91.4554322527009  95.09323887107678  -1.43  -6.98  2.82  0  0  0  7  1  1  3  7.06  0.00  2.06  
9.91  91.27054322527009  95.10832388710767  -1.25  -7.49  2.36  0  0  0  6  1  1  3  6.47  0.00  0.88  
9.934  91.018054322527  95.10083238871077  -2.19  -4.85  1.0  0  0  0  6  1  1  3  6.18  0.00  0.78  
9.958  90.89380543225269  95.07308323887108  -3.75  1.15  0.66  0  0  0  6  1  1  3  5.89  0.00  0.59  
9.981  90.89038054322526  95.0343083238871  -3.48  1.64  1.02  0  0  0  6  1  1  3  5.79  0.00  0.39  
10.006  90.89903805432253  95.0844308323887  -2.73  -0.18  1.09  0  0  0  6  1  1  3  5.69  0.00  0.39  
10.03  90.82790380543224  95.09844308323888  -2.26  -1.53  1.56  0  0  0  6  1  1  3  5.69  0.00  0.78  
10.054  90.85679038054323  95.1538443083239  -2.06  -1.74  1.68  0  0  0  6  1  1  3  5.49  0.00  0.59  
10.079  90.81467903805432  95.19538443083239  -2.4  -1.36  1.13  0  0  0  6  1  1  3  5.49  0.00  0.59  
10.102  90.72046790380543  95.19053844308324  -2.69  -0.36  0.58  0  0  0  6  1  1  3  5.59  0.00  0.39  
10.127  90.65704679038055  95.20805384430831  -2.87  -0.19  0.0  0  0  0  6  1  1  3  5.59  0.00  0.39  
10.15  90.67770467903806  95.20080538443084  -3.14  1.85  0.43  0  0  0  6  1  1  3  5.69  0.00  0.20  
10.175  90.6887704679038  95.20908053844308  -2.67  0.88  0.84  0  0  0  6  1  1  3  5.59  0.00  0.59  
10.199  90.65387704679038  95.18290805384432  -2.24  0.61  0.86  0  0  0  6  1  1  3  5.69  0.00  0.49  
10.223  90.61438770467905  95.18029080538443  -2.98  3.26  0.95  0  0  0  6  1  1  3  5.79  0.00  0.29  
10.247  90.6014387704679  95.23402908053843  -3.47  5.7  0.45  0  0  0  7  1  1  3  5.89  0.00  0.20  
10.27  90.68114387704678  95.24840290805385  -3.11  3.36  -0.25  0  0  0  7  1  1  3  5.98  0.00  0.39  
10.295  90.74311438770468  95.2048402908054  -3.19  2.74  0.18  0  0  0  7  1  0  3  5.98  0.00  0.49  
10.318  90.79431143877046  95.28148402908054  -2.95  1.07  0.8  0  0  0  7  1  0  3  6.08  0.00  0.69  
10.343  90.86243114387705  95.31614840290806  -2.51  -1.45  1.5  0  0  0  7  1  0  3  5.89  0.00  0.69  
10.368  90.8692431143877  95.3286148402908  -2.7  -1.6  1.93  0  0  0  7  1  0  3  5.89  0.00  0.69  
10.391  90.83392431143876  95.33886148402908  -2.85  -0.15  2.19  0  0  0  7  1  0  2  5.98  0.00  1.67  
10.416  90.71339243114389  95.35788614840291  -2.55  -0.6  2.11  0  0  0  7  1  0  2  5.98  0.00  2.06  
10.439  90.72833924311439  95.3417886148403  -2.5  0.85  2.25  0  0  0  7  1  0  1  6.08  0.00  3.53  
10.463  90.76583392431144  95.33117886148402  -2.47  0.51  1.44  0  0  0  7  0  0  0  6.18  0.00  2.16  
10.487  90.76058339243116  95.28511788614841  -3.66  0.69  0.84  0  0  0  7  0  0  0  92.41  0.00  13.05  
10.511  90.76005833924313  95.27151178861483  -3.85  1.4  0.36  0  0  0  8  0  0  0  5.98  0.00  6.97  
10.534  90.72400583392431  95.2791511788615  -4.28  1.88  -0.24  0  0  0  8  0  0  0  6.28  0.00  0.00  
10.558  90.66640058339243  95.29791511788615  -4.38  3.3  -0.36  0  0  0  8  0  0  0  6.47  0.00  0.00  
10.583  90.66964005833925  95.28179151178863  -4.56  2.79  -0.89  0  0  0  8  0  0  0  6.87  0.00  0.00  
10.606  90.73296400583392  95.25317915117887  -4.9  4.43  -0.44  0  0  0  8  0  0  0  7.46  1.37  6.28  
10.631  90.7842964005834  95.24131791511788  -5.66  3.94  -0.03  1  0  0  8  0  0  0  7.65  2.84  7.46  
10.654  90.83442964005835  95.24013179151177  -5.36  1.82  0.49  1  0  0  8  0  0  1  8.14  2.65  0.00  
10.679  90.92044296400584  95.15001317915119  -4.94  1.11  0.85  1  0  0  8  1  0  2  8.73  0.39  0.00  
10.702  90.90204429640059  95.12300131791513  -4.59  -0.55  1.44  1  0  0  8  1  0  2  9.12  0.00  0.00  
10.727  90.87320442964005  95.0483001317915  -5.29  0.81  1.83  1  0  0  8  1  1  3  9.32  0.00  0.00  
10.75  90.825320442964  94.96883001317914  -5.32  -1.07  1.16  1  0  0  8  1  1  3  9.81  0.00  0.00  
10.775  90.8205320442964  94.88888300131791  -5.24  0.5  1.34  1  0  0  8  1  1  3  10.20  0.59  0.00  
10.799  90.97305320442963  94.80888830013178  -5.38  0.3  1.05  1  0  0  8  1  2  4  10.69  1.28  0.00  
10.823  90.97030532044296  94.77388883001316  -4.51  1.24  1.78  1  0  0  9  1  2  4  11.09  0.98  0.00  
10.847  91.00603053204429  94.7163888830013  -3.76  0.02  1.44  1  0  0  9  1  2  4  11.48  1.08  0.00  
10.871  90.88360305320442  94.71063888830011  -3.92  -0.09  1.44  1  0  0  9  1  2  4  11.58  1.08  0.00  
10.895  90.95236030532043  94.69206388883  -3.94  0.11  1.44  1  0  0  9  1  2  4  11.67  1.28  0.00  
10.919  91.03123603053204  94.645206388883  -4.46  0.76  1.98  1  0  0  9  1  2  4  11.77  1.37  0.00  
10.944  90.92212360305321  94.5865206388883  -3.76  -0.04  2.24  1  0  0  9  1  2  4  12.07  1.18  0.00  
10.968  90.85721236030531  94.57165206388882  -3.15  -0.94  1.46  1  0  0  9  1  2  5  12.16  1.18  0.00  
10.992  90.87772123603054  94.55216520638888  -2.73  -1.27  1.45  1  0  0  9  1  2  5  12.26  1.18  0.00  
11.016  90.87077212360305  94.60421652063889  -3.5  -0.22  1.85  1  0  0  9  1  2  5  12.26  1.08  0.29  
11.04  90.8430772123603  94.64542165206389  -3.29  -1.8  1.47  1  0  0  9  1  2  5  12.26  1.08  0.29  
11.065  90.80430772123603  94.69454216520639  -3.59  -0.79  1.65  1  0  0  9  1  2  5  12.26  1.08  0.29  
11.088  90.71043077212362  94.71745421652064  -3.1  -2.39  1.31  1  0  0  9  1  2  5  12.36  1.18  0.49  
11.113  90.59304307721237  94.73774542165205  -3.1  -1.32  1.37  1  0  0  9  1  2  5  12.56  1.08  0.29  
11.138  90.55430430772124  94.7037745421652  -3.43  -1.2  1.28  1  0  0  9  1  3  5  12.56  1.08  0.39  
11.161  90.52343043077212  94.68237745421652  -3.71  -0.04  1.13  1  0  0  9  1  3  5  12.65  1.08  0.29  
11.186  90.50234304307722  94.62623774542165  -3.36  0.15  1.02  1  0  0  9  1  3  5  12.75  1.08  0.39  
11.209  90.43723430430774  94.62062377454217  -3.31  -0.49  1.02  1  0  0  9  1  3  5  12.85  1.08  0.39  
11.234  90.37672343043079  94.62906237745422  -3.39  0.76  0.84  1  0  0  9  1  3  5  12.75  1.08  0.49  
11.258  90.3436723430431  94.61190623774542  -3.27  0.73  0.85  1  0  0  9  1  3  5  12.85  1.18  0.20  
11.282  90.41236723430431  94.58319062377454  -3.34  0.21  0.38  1  0  0  9  1  3  5  12.95  1.08  0.20  
11.307  90.38323672343043  94.63431906237746  -3.89  1.56  0.63  1  0  0  9  1  3  5  12.75  0.98  0.39  
11.33  90.31732367234305  94.64843190623775  -3.15  0.04  0.56  1  0  0  9  1  3  5  12.75  0.98  0.49  
11.355  90.3467323672343  94.64984319062377  -3.51  0.6  0.98  1  0  0  9  1  3  5  12.85  0.98  0.49  
11.378  90.34067323672343  94.65898431906237  -3.66  1.4  1.0  1  0  0  9  1  3  5  12.95  0.98  0.20  
11.403  90.36706732367236  94.67789843190624  -3.28  0.73  0.81  1  0  0  9  1  3  5  13.05  0.98  0.20  
11.426  90.39670673236725  94.64378984319063  -3.21  1.02  0.79  1  0  0  10  1  3  5  12.95  0.98  0.10  
11.451  90.42667067323674  94.61337898431907  -3.09  1.27  1.05  1  0  0  10  1  3  5  13.05  0.88  0.20  
11.475  90.44766706732368  94.59233789843191  -2.79  0.55  0.76  1  0  0  10  1  3  5  13.05  0.88  0.00  
11.499  90.47676670673236  94.62623378984318  -3.05  2.44  0.57  1  0  0  10  1  3  5  12.95  0.98  0.20  
11.524  90.47967667067323  94.63862337898432  -3.89  1.98  0.63  1  0  0  10  1  3  5  13.05  1.28  0.39  
11.548  90.48896766706733  94.54086233789843  -4.05  1.54  1.04  1  0  0  10  1  3  5  13.15  1.37  0.20  
11.572  90.54389676670674  94.54908623378984  -3.56  0.68  1.24  1  0  0  10  1  3  5  13.24  1.57  0.00  
11.596  90.53138967667067  94.53190862337898  -3.37  -0.22  1.1  1  0  0  10  1  3  5  13.44  1.47  0.10  
11.621  90.50313896766707  94.5121908623379  -3.39  0.6  1.18  1  0  0  10  1  3  5  13.44  1.47  0.20  
11.644  90.45531389676671  94.49221908623379  -3.23  0.62  0.95  1  0  0  10  1  3  5  13.54  1.67  0.49  
11.669  90.47753138967667  94.51722190862337  -3.25  0.68  1.11  1  0  0  10  1  3  5  13.54  1.57  0.39  
11.693  90.48875313896767  94.51972219086232  -3.11  0.37  0.99  1  0  0  10  1  3  5  13.44  1.57  0.20  
11.717  90.45387531389676  94.49297221908623  -2.92  0.23  1.24  1  0  0  10  1  3  5  13.54  1.57  0.29  
11.742  90.41438753138968  94.51729722190862  -2.6  -0.02  1.19  1  0  0  10  1  3  5  13.34  1.37  0.20  
11.765  90.36543875313896  94.51972972219086  -2.62  -0.43  0.89  1  0  0  10  1  3  5  13.24  1.37  0.49  
11.79  90.3605438753139  94.51997297221908  -3.16  2.44  1.19  1  0  0  10  1  3  5  13.15  1.37  0.69  
11.814  90.25205438753139  94.5469972972219  -1.31  -2.44  0.21  1  0  0  10  1  3  5  13.24  1.57  0.78  
11.838  90.48420543875314  94.49569972972219  -3.34  3.89  1.06  1  0  0  10  1  3  5  13.05  4.51  0.10  
11.863  90.09342054387531  94.43656997297222  -0.45  -1.23  -0.47  1  0  0  10  1  3  5  13.15  8.04  0.39  
11.887  90.27034205438754  94.48465699729722  0.59  6.82  3.26  1  0  0  9  2  2  4  12.75  6.77  0.69  
11.911  90.18903420543876  94.56146569972972  2.31  -2.49  2.17  0  0  0  7  2  1  3  11.77  59.94  0.00  
11.935  90.31590342054388  94.42514656997297  2.13  -0.66  3.37  0  0  0  7  2  1  3  10.79  95.65  1.37  
11.96  90.49059034205439  94.3935146569973  -1.72  -6.17  -0.74  0  0  0  6  2  1  3  10.50  91.72  4.32  
11.983  90.23805903420543  94.38135146569972  -0.46  -9.48  -1.44  0  0  0  6  2  1  3  10.89  16.38  3.53  
12.008  90.19480590342054  94.35313514656997  -3.88  1.11  -1.59  0  0  0  5  3  0  3  10.89  19.13  1.37  
12.033  90.18148059034206  94.458313514657  -2.54  -5.04  -0.79  0  0  0  5  3  0  3  11.09  20.60  0.88  
12.057  90.2071480590342  94.47783135146571  -3.45  -3.79  -0.4  0  0  0  5  3  1  3  11.18  24.82  0.20  
12.081  90.17371480590342  94.49778313514656  -3.31  -4.67  -0.55  0  0  0  5  2  1  3  11.48  24.13  0.20  
12.105  90.11637148059035  94.52677831351465  -3.14  -2.85  0.52  0  0  0  6  2  1  3  11.77  22.07  0.59  
12.13  89.93063714805903  94.58367783135147  -2.41  -4.79  0.54  0  0  0  6  2  1  3  11.97  20.31  0.49  
12.154  89.8220637148059  94.63436778313515  -3.75  -0.44  0.39  0  0  0  6  2  1  3  12.07  18.44  0.10  
12.178  89.8652063714806  94.69343677831351  -1.35  -5.72  3.31  0  0  0  6  2  1  4  11.87  16.09  0.00  
12.203  89.84252063714807  94.78934367783134  -2.27  -5.97  7.2  0  0  0  6  2  2  4  11.28  12.95  0.00  
12.227  89.8762520637148  94.92493436778312  -1.76  -8.99  8.44  0  0  0  6  2  2  4  10.69  10.59  0.00  
12.251  89.69962520637148  95.01049343677832  -3.77  -22.79  7.72  0  0  0  6  1  2  5  9.71  3.34  0.00  
12.275  89.80796252063715  95.69404934367783  -16.36  -44.95  -0.4  0  0  0  6  1  3  5  8.73  0.88  0.00  
12.3  89.21579625206373  96.42840493436779  -29.38  -75.06  6.46  0  0  0  5  1  4  6  7.65  0.00  0.00  
12.323  88.59857962520638  96.94284049343678  -75.44  -133.45  -20.11  0  0  0  2  0  4  6  6.87  0.00  0.00  
12.348  87.38485796252064  96.12128404934369  -130.71  -16.73  -8.67  0  0  0  1  0  3  5  5.30  0.00  4.41  
12.372  89.12648579625206  94.75212840493437  -118.6  26.26  18.98  0  0  0  1  0  2  3  3.24  0.00  8.04  
12.396  90.87564857962519  95.36221284049344  -75.66  87.09  86.46  0  0  0  0  0  0  0  3.24  0.00  8.83  
12.42  92.76056485796252  95.99022128404935  -8.89  99.23  57.37  0  0  0  0  0  0  0  2.45  0.00  8.93  
12.444  95.60405648579625  98.42902212840494  28.11  224.12  68.9  0  0  0  0  0  0  0  1.08  0.00  9.61  
12.468  101.90040564857962  98.60090221284051  18.57  217.02  58.34  0  0  0  0  0  0  0  0.39  0.00  3.73  
12.491  103.06104056485796  99.62609022128404  27.79  -4.88  -16.69  0  0  0  0  0  0  0  0.49  18.64  0.00  
12.516  104.54510405648578  102.0506090221284  16.44  -13.32  -19.07  0  0  0  0  0  0  0  0.49  50.42  2.06  
12.539  102.23651040564859  104.32706090221284  25.92  -5.24  -12.8  0  0  0  0  0  0  0  0.39  81.03  0.00  
12.563  99.86365104056486  106.50770609022129  38.2  7.56  -5.18  0  0  0  0  0  0  0  0.39  95.55  0.00  
12.587  97.83536510405649  108.30977060902214  50.54  18.05  5.82  0  0  0  0  0  0  0  0.49  95.65  0.59  
12.611  95.10353651040563  109.52497706090222  56.82  10.06  -0.63  0  0  0  0  0  0  0  0.39  95.65  1.37  
12.635  94.27235365104058  109.55649770609021  49.17  33.57  0.69  0  0  0  0  0  0  0  0.39  95.55  1.47  
12.658  94.16223536510407  108.69564977060901  52.31  42.61  -3.8  0  0  0  0  0  0  0  0.39  95.65  1.18  
12.682  93.1252235365104  107.5925649770609  60.26  35.8  -17.97  0  0  0  0  0  0  0  0.29  95.65  0.69  
12.706  93.38152235365104  107.7612564977061  60.35  33.28  -22.85  0  0  0  0  0  0  0  0.29  95.55  0.00  
12.73  93.7581522353651  106.7701256497706  44.35  31.75  -26.13  0  0  0  0  0  0  0  0.39  95.55  0.49  
12.753  94.28181522353651  105.70801256497707  35.05  14.22  -33.67  0  0  0  0  0  0  0  0.29  95.65  0.59  
12.777  95.27918152235365  104.4048012564977  34.05  26.41  -32.82  0  0  0  0  0  0  0  0.39  95.55  0.10  
12.802  96.40491815223537  103.27548012564978  27.47  23.04  -36.64  0  0  0  0  0  0  0  0.39  95.65  0.10  
12.825  97.15649181522352  102.10954801256499  28.28  14.98  -43.89  0  0  0  0  0  0  0  0.39  95.55  0.00  
12.849  97.74464918152236  101.25495480125649  33.9  22.89  -44.5  0  0  0  0  0  0  0  0.39  95.55  0.00  
12.873  97.96546491815224  100.54849548012565  32.13  15.42  -47.34  0  0  0  0  0  0  0  0.29  95.65  0.00  
12.897  98.58154649181523  99.74884954801257  27.36  26.05  -37.63  0  0  0  0  0  0  0  0.29  95.65  0.00  
12.92  99.45315464918153  98.95788495480126  13.47  22.84  -27.38  0  0  0  0  0  0  0  0.29  95.55  0.10  
12.944  99.96331546491815  97.65478849548012  4.02  -16.76  -21.98  0  0  0  0  0  0  0  0.39  95.55  0.29  
12.968  99.50133154649183  96.462478849548  -2.19  -34.13  -12.33  0  0  0  0  0  0  0  0.39  95.65  0.98  
12.992  99.17613315464918  95.1192478849548  -4.72  -12.07  6.75  0  0  0  0  0  0  0  0.29  95.65  2.94  
13.016  98.72961331546493  94.27392478849549  7.95  3.88  22.74  0  0  0  0  0  0  0  0.39  95.65  1.47  
13.039  98.13596133154648  93.60439247884955  13.01  14.93  27.08  0  0  0  0  0  0  0  0.29  95.65  1.18  
13.064  97.94159613315465  89.20843924788495  -58.83  -36.17  2.21  0  0  0  0  0  0  0  0.29  95.65  0.20  
13.087  95.60015961331547  90.1818439247885  -34.09  -141.79  -60.9  0  0  0  0  0  0  0  0.29  95.65  2.35  
13.112  94.81701596133155  92.84418439247885  -137.56  39.53  19.27  0  0  0  0  0  0  0  0.39  88.29  3.83  
13.135  95.98070159613314  89.26741843924789  -40.05  -52.83  -23.04  0  0  0  0  0  0  0  0.49  0.10  6.47  
13.16  96.64607015961332  86.54274184392479  -28.92  50.25  14.39  0  0  0  0  0  0  0  1.96  0.00  3.92  
13.184  96.25360701596134  88.45727418439247  -28.01  29.47  -4.88  0  0  0  2  0  0  0  4.81  0.00  24.62  
13.208  96.67336070159614  90.43972741843925  -25.52  13.31  8.6  0  0  0  5  0  2  1  6.28  0.00  0.00  
13.232  97.47133607015961  90.89897274184392  -24.88  5.94  14.17  0  0  0  9  0  6  3  9.12  0.00  0.00  
13.256  97.11913360701595  91.48489727418439  -20.24  -4.39  -2.05  0  0  0  2  0  8  5  17.85  0.00  0.00  
13.281  97.5519133607016  92.05648972741844  -20.65  6.63  3.89  1  0  0  10  0  10  7  24.92  0.00  0.00  
13.304  97.97319133607016  92.55464897274184  -15.11  10.73  4.98  1  0  0  16  0  11  8  30.61  1.57  0.00  
13.329  98.16831913360701  93.01846489727417  -10.78  7.39  2.9  2  0  0  22  0  0  10  37.77  3.73  0.00  
13.353  98.2418319133607  93.37984648972741  -7.89  1.94  -1.26  3  1  0  26  0  2  11  45.62  5.59  0.00  
13.378  98.26718319133607  93.93798464897274  -6.11  -2.46  -2.84  3  1  0  28  0  3  12  51.60  6.47  0.00  
13.403  98.3597183191336  94.39879846489728  -8.99  4.37  -1.5  3  1  0  31  0  4  1  57.00  7.46  0.00  
13.427  98.43197183191336  94.83187984648973  -8.01  1.15  1.18  3  1  0  32  1  5  4  60.82  9.12  0.00  
13.452  98.73619718319134  95.10918798464897  -9.02  -3.9  1.94  3  1  0  34  1  7  7  63.96  10.59  0.00  
13.476  98.78461971831914  95.20891879846491  -5.9  -9.33  2.02  3  1  0  34  1  9  11  66.90  11.67  0.00  
13.501  98.68146197183191  95.2188918798465  -6.27  -9.83  0.32  4  1  0  35  1  10  14  69.85  11.67  0.00  
13.526  98.4191461971832  95.39088918798464  -4.81  -5.28  -0.86  4  1  0  35  1  10  16  72.69  11.48  0.00  
13.55  98.37491461971831  95.57008891879846  -11.23  -1.53  -2.45  3  1  0  37  1  10  17  72.99  10.69  0.00  
13.575  98.25349146197183  95.42600889187985  -9.93  -5.31  -1.96  3  1  0  37  1  11  18  73.67  10.20  0.00  
13.599  98.21434914619718  95.33060088918798  -6.5  -5.02  -0.73  3  1  0  37  1  11  19  74.56  10.10  0.00  
13.625  98.21943491461971  95.4020600889188  -4.5  -5.26  0.99  3  1  0  37  1  11  21  74.95  10.01  0.00  
13.649  98.21094349146196  95.4002060088919  -6.31  -4.88  0.6  3  1  0  37  1  11  22  76.32  9.71  0.00  
13.674  98.1470943491462  95.4360206008892  -10.92  -9.51  2.31  3  1  0  37  1  12  24  77.50  9.91  0.00  
13.699  97.82570943491463  95.62860206008892  -11.99  -3.15  0.93  3  1  0  39  2  12  25  78.87  10.30  0.00  
13.723  97.97357094349147  95.41386020600889  -6.5  -26.23  -3.81  3  1  0  39  2  13  28  80.25  10.50  0.49  
13.748  97.80835709434916  95.14038602060089  -10.02  -10.03  -2.82  3  1  0  39  2  12  30  80.93  10.99  0.00  
13.773  97.41383570943492  95.14003860206009  -12.55  -7.94  -0.93  3  1  0  39  2  11  32  81.13  11.18  0.00  
13.798  97.41038357094348  94.960003860206  -19.94  -3.6  -1.42  3  1  0  39  2  11  32  81.42  11.18  0.00  
13.822  97.05903835709435  94.6990003860206  -25.29  4.18  1.84  2  1  0  39  2  11  34  82.89  11.09  0.00  
13.847  96.70890383570944  94.77190003860207  -27.36  6.26  -3.33  2  1  0  40  2  10  35  85.35  10.40  0.00  
13.872  97.07889038357095  94.45519000386021  -31.13  -11.8  1.79  1  0  0  39  2  11  35  88.00  9.91  0.00  
13.896  96.69288903835711  94.333519000386  -34.02  -23.85  -0.02  0  0  0  39  3  14  39  92.90  11.09  0.00  
13.922  96.43828890383571  93.7993519000386  -46.27  -24.68  3.6  0  0  0  37  4  15  39  95.16  8.44  0.00  
13.946  95.96282889038358  93.29593519000386  -45.21  -25.81  8.8  0  0  0  34  4  17  40  96.63  11.38  0.00  
13.971  95.60028288903837  92.74159351900039  -50.52  -30.87  7.98  0  0  0  28  5  18  42  97.61  8.24  0.59  
13.996  95.22202828890384  91.85815935190004  -52.61  -25.92  4.73  0  0  0  22  5  19  44  98.98  6.57  0.00  
14.02  94.31120282889039  90.79781593519002  -55.91  -25.27  3.27  0  0  0  16  5  19  44  99.96  2.55  0.39  
14.044  93.95012028288905  89.701781593519  -56.09  -28.74  5.09  0  0  0  11  6  20  46  101.44  2.65  0.00  
14.069  93.2840120282889  88.30517815935191  -65.4  -32.36  5.24  0  0  0  4  6  21  46  101.14  0.00  0.00  
14.093  91.66940120282888  87.1125178159352  -67.21  -43.99  1.56  0  0  0  0  6  22  48  99.67  0.00  0.20  
14.117  90.35594012028288  86.79525178159352  -73.27  -5.52  2.11  0  0  0  11  7  22  48  96.82  0.00  0.00  
14.142  90.55759401202829  86.02552517815936  -80.8  -20.37  -3.85  0  0  0  10  7  23  48  92.51  0.00  0.00  
14.167  91.20775940120282  85.26455251781594  -102.22  -13.4  11.27  0  0  0  8  7  22  46  82.89  0.00  0.00  
14.191  92.32577594012028  84.88245525178161  -128.03  -63.48  17.08  0  0  0  8  6  21  42  75.83  0.00  1.08  
14.216  91.23157759401202  83.53924552517816  -165.18  -83.41  21.15  0  0  0  7  4  18  34  67.69  0.00  2.35  
14.24  88.91715775940119  81.38892455251782  -183.37  -67.5  16.37  0  0  0  8  3  15  24  55.23  0.00  4.81  
14.265  87.29071577594011  79.00489245525178  -192.99  -49.2  -13.64  0  0  0  8  1  11  14  36.40  0.00  5.69  
14.289  86.46207157759402  75.28348924552519  -165.62  11.76  -4.79  0  0  0  5  0  3  0  19.42  0.00  3.92  
14.314  87.22520715775941  73.89434892455252  -132.36  34.05  26.85  0  0  0  3  0  11  8  10.10  0.00  2.35  
14.339  88.29152071577595  71.63143489245526  -114.12  19.63  56.14  0  0  0  1  0  6  4  6.28  0.00  2.45  
14.362  87.93915207157761  68.40814348924552  -78.99  46.32  77.66  0  0  0  1  0  0  0  3.04  0.00  5.98  
14.387  91.35991520715777  72.90081434892456  -5.81  93.52  64.0  0  0  0  0  0  0  0  0.49  0.00  10.99  
14.41  91.15299152071577  76.48208143489245  101.99  170.53  123.53  0  0  0  0  0  0  0  0.00  0.00  2.84  
14.434  83.42829915207157  68.46120814348924  46.73  250.14  112.29  0  0  0  0  0  0  0  0.00  46.79  4.02  
14.458  86.89482991520717  68.98212081434893  125.64  120.97  2.25  0  0  0  0  0  0  0  0.00  85.94  0.00  
14.482  87.14248299152072  68.16121208143488  138.61  4.62  -40.39  0  0  0  0  0  0  0  0.00  93.88  0.00  
14.505  86.13224829915207  68.10612120814349  122.63  9.84  -45.74  0  0  0  0  0  0  0  0.00  5.10  5.98  
14.53  83.84422482991522  69.44161212081436  133.11  -2.73  -62.62  0  0  0  0  0  0  0  0.00  23.15  3.92  
14.554  83.12942248299153  71.28516121208143  131.55  13.61  -56.54  0  0  0  0  0  0  0  0.00  87.11  0.00  
14.577  83.61594224829915  73.17951612120814  127.67  -25.44  -60.95  0  0  0  0  0  0  0  0.00  95.65  0.00  
14.602  83.42159422482992  75.17795161212082  134.75  -17.54  -43.18  0  0  0  0  0  0  0  0.00  95.65  0.00  
14.625  83.825159422483  76.61079516121208  147.95  14.16  -7.61  0  0  0  0  0  0  0  0.00  80.05  2.55  
14.649  84.7475159422483  76.52007951612121  132.95  5.05  -1.21  0  0  0  0  0  0  0  0.00  90.45  0.00  
14.672  84.99275159422483  75.74600795161211  118.84  1.97  -12.77  0  0  0  0  0  0  0  0.00  95.55  0.10  
14.697  85.53927515942247  74.87660079516121  85.6  7.89  -19.94  0  0  0  0  0  0  0  0.00  95.65  0.00  
14.721  85.99892751594224  74.49266007951613  69.25  9.5  -33.27  0  0  0  0  0  0  0  0.00  95.55  0.00  
14.744  86.57589275159422  74.4902660079516  56.64  14.39  -37.27  0  0  0  0  0  0  0  0.00  95.65  0.00  
14.768  87.50658927515943  76.01102660079518  58.22  28.44  -20.33  0  0  0  0  0  0  0  0.00  95.55  0.00  
14.791  88.87765892751595  76.67610266007952  44.6  -5.29  -1.79  0  0  0  0  0  0  0  0.00  90.15  0.20  
14.815  90.9227658927516  75.80661026600795  6.82  -66.69  -3.62  0  0  0  0  0  0  0  0.00  46.40  3.53  
14.839  91.36127658927516  73.2086610266008  -1.38  -8.05  25.1  0  0  0  0  0  0  0  0.00  0.00  2.16  
14.863  91.0811276589275  77.38586610266007  44.87  -26.67  -6.31  0  0  0  0  0  0  0  0.59  0.39  11.18  
14.887  92.28611276589274  85.51658661026602  1.45  40.38  -12.21  0  0  0  1  0  0  1  1.08  2.65  0.98  
14.911  90.66061127658928  88.01265866102662  19.99  -24.42  -15.34  0  0  0  3  0  0  2  1.37  4.71  0.00  
14.936  92.32506112765893  88.27126586610265  -5.13  27.65  16.3  0  0  0  4  0  0  2  1.86  40.42  0.00  
14.959  92.24850611276588  89.80912658661026  -5.52  21.24  2.11  0  0  0  5  0  1  3  2.75  94.96  0.00  
14.984  92.5108506112766  91.29491265866102  5.0  -15.16  -6.6  0  0  0  5  0  1  3  3.83  94.27  0.00  
15.008  92.16808506112766  92.41549126586611  -0.21  10.21  1.99  0  0  0  5  1  1  3  5.00  6.28  5.69  
15.032  92.31380850611276  93.4365491265866  -0.91  14.4  5.43  0  0  0  6  1  1  4  6.08  9.81  0.00  
15.056  92.47238085061127  94.38465491265865  -2.33  18.76  4.84  0  0  0  7  1  1  4  7.95  10.10  0.00  
15.08  92.59623808506113  95.08246549126586  -2.6  14.44  1.04  0  0  0  7  1  2  4  8.73  11.67  0.00  
15.105  92.8606238085061  95.6922465491266  -2.5  6.42  -1.23  0  0  0  7  1  2  5  9.52  13.73  0.00  
15.128  93.11206238085062  96.29322465491266  -2.96  3.71  0.59  0  0  0  7  1  2  5  10.20  10.79  0.20  
15.153  93.02920623808507  96.74932246549128  -2.94  3.04  0.79  0  0  0  7  1  2  5  10.79  10.59  0.00  
15.177  93.0929206238085  97.11893224654912  -5.18  6.63  -2.05  0  0  0  8  1  2  5  11.67  11.28  0.00  
15.201  93.23429206238085  97.44389322465491  -6.44  5.31  -1.1  0  0  0  8  2  2  5  12.65  10.40  0.00  
15.225  93.46442920623807  97.5663893224655  -7.17  2.99  -2.48  0  0  0  8  2  2  5  13.54  11.18  0.00  
15.25  93.57744292062381  97.77663893224654  -3.29  0.47  -0.84  0  0  0  8  2  2  6  13.83  11.48  0.00  
15.273  93.57974429206237  97.98666389322466  -2.45  0.24  -1.4  0  0  0  8  2  2  6  14.22  11.87  0.00  
15.298  93.52597442920623  98.19666638932246  -1.48  1.96  -0.29  0  0  0  8  2  2  6  14.62  11.97  0.10  
15.323  93.52059744292062  98.32566663893225  -1.86  2.83  -0.01  0  0  0  9  2  2  6  14.72  12.26  0.10  
15.347  93.52905974429207  98.48256666389322  -1.6  1.11  -0.33  0  0  0  9  2  2  6  14.62  12.56  0.00  
15.371  93.5659059744292  98.59725666638931  -0.47  0.28  0.15  0  0  0  8  2  2  5  14.03  12.75  0.20  
15.395  93.51559059744292  98.75272566663892  -0.07  1.52  0.49  0  0  0  8  2  2  5  13.54  14.52  0.88  
15.42  93.5375590597443  98.96627256666389  -0.86  2.31  -0.33  0  0  0  8  2  2  5  12.85  12.36  0.98  
15.443  93.59375590597442  99.09562725666639  -1.18  2.4  -0.94  0  0  0  7  2  1  5  12.26  11.97  0.88  
15.468  93.68037559059744  99.21656272566663  -0.76  2.45  -0.67  0  0  0  7  2  1  4  11.97  10.79  0.69  
15.493  93.73403755905974  99.26465627256667  -0.62  2.82  -0.18  0  0  0  7  2  1  4  11.77  12.65  0.69  
15.516  93.88340375590597  99.35046562725667  -0.72  3.49  0.2  0  0  0  7  2  1  4  11.38  13.34  0.78  
15.541  93.85334037559059  99.46704656272567  -0.1  2.39  -0.15  0  0  0  7  2  1  3  10.59  14.03  1.28  
15.565  93.87733403755907  99.57770465627257  -0.3  2.55  0.6  0  0  0  6  2  1  3  10.10  12.46  1.67  
15.589  93.92473340375591  99.62477046562725  -0.66  1.32  0.54  0  0  0  6  1  1  3  9.52  14.13  1.18  
15.613  93.9744733403756  99.72847704656272  -1.23  1.73  0.66  0  0  0  6  1  1  2  8.93  13.54  1.67  
15.637  93.99744733403756  99.78384770465628  -1.78  1.88  0.46  0  0  0  5  1  1  2  8.44  12.26  0.88  
15.662  93.98174473340376  99.84338477046562  -1.24  1.98  0.46  0  0  0  5  1  0  2  8.14  12.07  0.88  
15.685  93.96217447334037  99.92133847704658  -1.4  2.54  0.19  0  0  0  5  1  1  2  7.75  12.16  0.59  
15.709  93.99621744733405  99.95613384770465  -1.27  1.47  0.79  0  0  0  5  1  0  2  7.46  12.16  1.37  
15.733  94.08962174473339  100.02261338477047  -1.78  0.42  0.47  0  0  0  5  1  0  2  7.16  12.26  1.57  
15.757  94.17996217447333  100.04726133847704  -1.79  0.56  1.6  0  0  0  5  1  0  2  7.26  5.98  0.78  
15.781  94.11699621744734  100.0407261338477  -2.05  0.03  2.27  0  0  0  5  1  0  2  7.26  4.02  0.29  
15.805  94.04769962174474  100.07607261338477  -2.17  0.68  2.03  0  0  0  5  1  0  2  7.36  3.92  0.10  
15.83  94.03176996217448  100.11560726133848  -3.24  1.81  0.3  0  0  0  5  1  0  2  7.36  3.92  0.49  
15.853  94.11117699621747  100.07456072613385  -4.01  1.98  -0.49  0  0  0  5  1  0  2  7.55  4.02  0.49  
15.878  94.17311769962176  100.12445607261338  -4.73  2.23  -0.29  0  0  0  5  1  0  2  7.95  4.22  0.49  
15.901  94.17031176996217  100.14744560726135  -4.33  1.59  -0.56  0  0  0  6  1  1  2  8.34  4.41  0.39  
15.926  94.19703117699622  100.12274456072613  -3.63  1.02  0.13  0  0  0  6  1  1  3  8.73  4.81  0.00  
15.949  94.21770311769961  100.10227445607262  -3.54  1.11  0.59  0  0  0  6  1  1  3  8.93  5.00  0.00  
15.974  94.13877031176996  100.12722744560726  -3.38  0.46  0.58  0  0  0  6  1  1  3  9.42  5.10  0.39  
15.997  94.139877031177  100.12972274456072  -3.24  0.62  0.37  0  0  0  6  2  1  3  9.71  5.30  0.69  
16.022  94.1399877031177  100.12097227445608  -3.14  0.21  0.46  0  0  0  6  2  1  3  9.91  5.49  0.49  
16.046  94.14899877031178  100.09309722744561  -3.11  0.51  0.72  0  0  0  6  2  1  3  10.20  5.59  0.29  
16.07  94.18589987703118  100.10830972274456  -2.85  0.24  0.51  0  0  0  6  2  1  3  10.40  5.59  0.59  
16.095  94.17158998770311  100.13683097227445  -2.7  0.49  0.85  0  0  0  6  2  1  3  10.40  5.59  0.69  
16.118  94.15215899877032  100.15768309722745  -2.4  0.21  1.23  0  0  0  6  2  1  3  10.40  5.69  0.59  
16.143  94.17721589987704  100.14176830972275  -2.0  -0.33  1.65  0  0  0  6  2  1  3  10.40  5.59  0.69  
16.167  94.19772158998771  100.14917683097228  -2.4  0.18  1.52  0  0  0  6  2  1  3  10.30  5.49  0.59  
16.191  94.17277215899877  100.10491768309723  -2.31  0.27  1.13  0  0  0  6  2  1  3  10.30  5.40  0.20  
16.216  94.16127721589987  100.12749176830972  -2.25  0.57  1.11  0  0  0  6  2  1  3  10.20  5.30  0.20  
16.24  94.14212772158999  100.14774917683097  -2.18  0.42  1.27  0  0  0  6  2  1  3  10.01  5.00  0.10  
16.264  94.104212772159  100.1947749176831  -1.92  0.7  1.31  0  0  0  6  2  1  3  9.81  4.91  0.39  
16.288  94.1094212772159  100.25347749176832  -2.05  1.06  1.37  0  0  0  6  2  1  3  9.71  4.71  0.59  
16.312  94.15494212772158  100.27734774917684  -1.68  0.83  1.08  0  0  0  6  2  1  3  9.52  4.61  0.59  
16.336  94.16849421277216  100.3337347749177  -1.57  0.82  1.53  0  0  0  6  2  1  3  9.22  4.41  0.39  
16.36  94.16084942127722  100.36637347749178  -1.6  0.64  1.65  0  0  0  6  1  1  3  9.03  4.22  0.49  
16.385  94.13308494212772  100.43263734774918  -1.91  1.17  1.6  0  0  0  6  1  1  3  8.73  4.12  0.78  
16.408  94.11230849421277  100.46626373477491  -2.42  1.5  1.54  0  0  0  6  1  1  3  8.53  4.02  0.20  
16.432  94.11023084942127  100.4786263734775  -2.39  1.75  1.14  0  0  0  6  1  1  3  8.53  3.92  0.88  
16.456  94.05602308494213  100.50686263734775  -2.42  1.83  0.85  0  0  0  6  1  1  3  8.34  3.92  0.78  
16.48  94.08660230849422  100.54568626373478  -2.24  1.31  1.25  0  0  0  6  1  1  2  8.34  3.73  0.78  
16.504  94.10766023084942  100.52256862637348  -2.08  1.12  1.54  0  0  0  6  1  1  2  8.14  5.10  0.39  
16.528  94.05576602308494  100.51125686263735  -2.25  1.41  1.42  0  0  0  6  1  1  2  8.14  4.12  0.49  
16.552  94.0865766023085  100.52812568626373  -2.24  1.24  1.31  0  0  0  6  1  1  2  8.04  3.24  0.49  
16.576  94.11665766023086  100.56581256862637  -2.02  1.18  1.43  0  0  0  6  1  1  2  7.85  2.94  0.69  
16.6  94.11066576602309  100.56058125686263  -2.27  1.08  1.18  0  0  0  6  1  1  2  7.85  2.75  0.88  
16.624  94.1100665766023  100.56905812568625  -2.26  1.24  1.16  0  0  0  6  1  1  2  7.75  2.45  0.69  
16.648  94.15500665766022  100.58790581256864  -2.36  0.98  1.07  0  0  0  6  1  1  2  7.65  2.35  0.69  
16.672  94.19550066576602  100.60779058125686  -2.44  1.18  0.96  0  0  0  6  1  1  2  7.65  2.45  0.39  
16.696  94.1995500665766  100.6367790581257  -2.5  1.31  0.91  0  0  0  6  1  1  2  7.55  5.59  0.39  
16.72  94.19995500665766  100.67567790581258  -2.4  0.98  0.63  0  0  0  6  1  1  2  7.55  5.20  0.49  
16.744  94.26299550066577  100.67956779058126  -2.43  0.66  0.75  0  0  0  6  1  1  2  7.36  4.61  0.69  
16.769  94.31429955006656  100.73395677905812  -2.47  0.98  0.79  0  0  0  6  1  1  2  7.36  3.83  0.69  
16.792  94.31942995500664  100.7483956779058  -2.61  0.89  0.69  0  0  0  6  1  1  2  7.26  3.63  0.78  
16.817  94.30194299550067  100.78583956779059  -2.43  0.66  0.49  0  0  0  6  1  1  2  7.26  3.63  0.29  
16.84  94.28219429955007  100.80758395677906  -2.69  1.18  0.72  0  0  0  6  1  1  2  7.16  3.24  0.20  
16.865  94.30721942995501  100.8277583956779  -2.6  0.91  0.59  0  0  0  6  1  1  2  7.16  2.84  0.10  
16.888  94.3187219429955  100.82977583956779  -2.53  0.86  0.76  0  0  0  6  1  1  2  7.06  2.26  0.20  
16.913  94.33787219429955  100.82097758395678  -2.47  0.98  0.82  0  0  0  6  1  1  2  6.97  2.65  0.49  
16.936  94.32178721942995  100.82909775839568  -2.21  0.77  1.09  0  0  0  6  1  1  2  6.97  2.45  0.59  
16.96  94.329178721943  100.82090977583957  -2.32  1.1  0.98  0  0  0  6  1  1  2  6.97  3.34  0.39  
16.985  94.2759178721943  100.90109097758396  -2.41  0.69  0.99  0  0  0  6  1  1  2  6.87  3.92  0.49  
17.008  94.24359178721943  100.9631090977584  -2.68  0.83  1.11  0  0  0  6  1  1  2  6.67  2.55  0.39  
17.033  94.20435917872194  100.99631090977584  -2.71  0.58  1.17  0  0  0  6  1  1  2  6.67  2.75  0.49  
17.056  94.1734359178722  101.05363109097759  -2.53  0.7  1.07  0  0  0  6  1  1  2  6.67  3.14  0.49  
17.08  94.16134359178722  101.09536310909775  -2.42  0.98  1.27  0  0  0  6  1  1  2  6.57  3.14  0.49  
17.104  94.23213435917873  101.14453631090979  -2.48  1.08  1.4  0  0  0  6  1  1  2  6.57  3.04  0.39  
17.128  94.23921343591788  101.13145363109098  -2.74  1.06  1.15  0  0  0  6  1  1  2  6.47  3.14  0.49  
17.153  94.24892134359179  101.12114536310911  -2.71  1.2  1.2  0  0  0  5  1  1  2  6.57  3.04  0.20  
17.176  94.19589213435918  101.13811453631091  -2.7  0.9  1.18  0  0  0  6  1  1  2  6.57  3.14  0.29  
17.201  94.22658921343591  101.11281145363108  -2.75  1.11  1.33  0  0  0  6  1  1  2  6.57  3.24  0.49  
17.224  94.25665892134359  101.14628114536312  -2.6  1.22  1.27  0  0  0  6  1  1  2  6.57  3.24  0.59  
17.248  94.25966589213436  101.1406281145363  -2.85  1.23  1.27  0  0  0  6  1  1  2  6.67  3.34  0.39  
17.272  94.23296658921343  101.13106281145363  -2.84  1.0  1.02  0  0  0  6  1  1  2  6.57  3.34  0.59  
17.296  94.28429665892135  101.13010628114536  -2.93  0.85  0.95  0  0  0  6  1  1  2  6.47  3.34  0.59  
17.32  94.31642966589212  101.13001062811453  -2.81  1.15  0.96  0  0  0  6  1  1  2  6.47  3.24  0.59  
17.344  94.3736429665892  101.12100106281146  -2.76  1.08  0.93  0  0  0  6  1  1  2  6.47  3.24  0.49  
17.369  94.37036429665892  101.09310010628116  -3.19  0.89  0.76  0  0  0  6  1  1  2  6.47  3.24  0.39  
17.392  94.3610364296659  101.10831001062812  -2.95  0.66  0.82  0  0  0  6  1  1  2  6.47  3.24  0.49  
17.416  94.31510364296659  101.1098310010628  -2.81  0.82  0.95  0  0  0  6  1  1  2  6.57  3.63  0.39  
17.44  94.30151036429666  101.06498310010629  -2.97  1.27  0.76  0  0  0  6  1  1  2  6.47  3.73  0.49  
17.464  94.24615103642967  101.04249831001063  -2.87  1.23  0.85  0  0  0  5  1  1  2  6.38  5.20  0.49  
17.488  94.27661510364297  101.04024983100106  -2.98  0.54  0.45  0  0  0  5  1  1  2  6.38  4.51  0.59  
17.512  94.27966151036429  101.11202498310011  -2.88  1.4  0.51  0  0  0  5  1  1  2  6.38  4.32  0.49  
17.536  94.28896615103643  101.16420249831  -2.8  1.31  0.47  0  0  0  5  1  1  2  6.38  3.43  0.49  
17.56  94.20889661510364  101.16942024983099  -3.01  1.3  0.44  0  0  0  5  1  1  2  6.18  2.26  0.39  
17.584  94.26388966151036  101.21494202498309  -3.18  1.41  0.15  0  0  0  5  1  1  2  6.28  1.28  0.29  
17.608  94.35938896615104  101.21049420249831  -3.46  1.54  -0.21  0  0  0  5  1  1  2  6.28  0.59  0.20  
17.632  94.41393889661511  101.18304942024984  -3.18  1.63  -0.08  0  0  0  5  1  0  2  6.18  0.59  0.29  
17.656  94.45539388966151  101.19830494202498  -2.89  1.27  0.54  0  0  0  5  1  0  2  6.18  0.59  0.78  
17.68  94.42353938896616  101.1998304942025  -2.75  0.78  0.72  0  0  0  5  1  0  2  6.28  0.59  0.69  
17.704  94.41135393889661  101.23598304942024  -2.96  1.22  0.92  0  0  0  5  1  0  2  6.18  0.20  0.49  
17.728  94.41913539388966  101.25759830494202  -3.17  0.93  0.85  0  0  0  5  1  0  2  6.28  0.00  0.29  
17.752  94.47391353938897  101.2597598304942  -3.31  0.92  0.63  0  0  0  5  1  0  2  6.28  0.00  0.20  
17.776  94.4703913539389  101.24197598304941  -3.07  0.93  0.49  0  0  0  5  1  0  2  6.38  0.00  0.39  
17.8  94.46103913539389  101.23119759830493  -3.11  0.75  0.52  0  0  0  5  1  0  2  6.47  0.00  0.59  
17.824  94.5051039135394  101.22111975983049  -2.94  0.67  0.56  0  0  0  6  1  0  2  6.47  0.00  0.59  
17.848  94.50951039135396  101.22911197598305  -3.2  0.85  0.5  0  0  0  6  1  0  2  6.47  0.00  0.49  
17.872  94.50095103913539  101.2389111975983  -3.34  1.12  0.53  0  0  0  6  1  0  2  6.57  0.00  0.39  
17.896  94.47309510391354  101.28489111975983  -3.18  0.66  0.3  0  0  0  6  1  0  2  6.67  0.00  0.49  
17.921  94.47030951039135  101.32548911197598  -3.15  0.68  0.75  0  0  0  6  1  0  2  6.77  0.00  0.78  
17.944  94.48803095103912  101.3475489111976  -3.1  0.84  0.6  0  0  0  6  1  0  2  6.77  0.00  0.59  
17.969  94.50780309510392  101.31375489111976  -3.18  1.2  0.88  0  0  0  6  1  1  2  6.87  0.00  0.49  
17.992  94.4827803095104  101.31937548911198  -3.0  1.22  0.6  0  0  0  6  1  1  2  6.97  0.00  0.29  
18.017  94.49827803095104  101.3559375489112  -3.05  1.21  0.54  0  0  0  6  1  1  2  6.87  0.00  0.29  
18.04  94.4908278030951  101.35959375489112  -2.97  1.14  0.65  0  0  0  6  1  1  2  6.87  0.00  0.69  
18.065  94.4900827803095  101.35095937548911  -2.96  1.31  0.81  0  0  0  6  1  1  2  6.87  0.00  0.59  
18.088  94.47200827803094  101.35909593754891  -3.04  1.76  0.51  0  0  0  6  1  1  2  6.97  0.00  0.49  
18.113  94.51520082780308  101.36890959375489  -2.88  1.82  0.64  0  0  0  6  1  0  2  6.87  0.00  0.49  
18.137  94.5555200827803  101.3338909593755  -2.58  1.5  0.79  0  0  0  6  1  0  2  6.77  0.00  0.29  
18.161  94.60455200827803  101.35738909593755  -2.5  1.66  0.71  0  0  0  6  1  0  2  6.67  0.00  0.20  
18.185  94.5734552008278  101.31473890959376  -2.55  2.77  0.64  0  0  0  5  1  0  2  6.38  0.00  0.10  
18.209  94.61534552008278  101.33747389095937  -2.47  2.42  0.6  0  0  0  5  1  0  2  6.28  0.00  0.39  
18.233  94.61053455200827  101.33974738909593  -2.5  2.75  0.8  0  0  0  5  1  0  2  6.08  0.00  0.69  
18.256  94.68205345520083  101.35797473890959  -2.68  2.47  0.92  0  0  0  5  1  0  2  5.89  0.00  0.59  
18.281  94.70720534552007  101.40479747389097  -2.63  1.93  0.37  0  0  0  4  1  0  2  5.79  0.00  0.78  
18.305  94.73672053455199  101.4724797473891  -2.53  1.59  0.79  0  0  0  4  1  0  2  5.69  0.00  0.39  
18.329  94.78467205345521  101.50624797473891  -2.75  1.53  0.85  0  0  0  4  1  0  2  5.49  0.00  0.39  
18.353  94.76246720534553  101.57262479747388  -2.67  1.69  0.76  0  0  0  4  1  0  2  5.49  0.00  0.39  
18.377  94.78724672053455  101.55226247974738  -2.85  1.79  0.96  0  0  0  4  1  0  2  5.49  0.00  0.39  
18.401  94.80772467205347  101.57722624797474  -3.02  1.63  0.85  0  0  0  4  1  0  2  5.40  0.00  0.39  
18.424  94.84577246720534  101.60672262479747  -2.73  1.71  0.76  0  0  0  4  1  0  2  5.30  0.00  0.49  
18.449  94.81357724672054  101.59167226247976  -2.89  1.47  0.7  0  0  0  4  1  0  2  5.30  0.00  0.59  
18.472  94.86435772467206  101.59016722624798  -2.99  1.6  0.98  0  0  0  4  1  0  2  5.40  0.00  0.69  
18.497  94.86943577246721  101.54501672262481  -2.92  1.47  1.0  0  0  0  4  1  0  2  5.40  0.00  0.49  
18.521  94.91494357724672  101.5585016722625  -2.9  1.6  0.82  0  0  0  4  1  0  2  5.30  0.00  0.49  
18.545  94.91949435772466  101.62285016722625  -2.91  1.63  1.2  0  0  0  4  1  0  2  5.20  0.00  0.69  
18.569  94.93794943577247  101.64728501672263  -2.98  1.33  0.91  0  0  0  4  1  0  2  5.20  0.00  0.39  
18.592  94.93979494357724  101.65872850167226  -3.06  1.3  0.89  0  0  0  4  1  0  2  5.20  0.00  0.39  
18.617  94.95797949435772  101.63287285016722  -2.95  1.5  0.87  0  0  0  4  1  0  2  5.10  0.00  0.39  
18.64  94.99579794943577  101.60328728501672  -3.25  1.4  0.95  0  0  0  4  1  0  2  5.20  0.00  0.49  
18.665  95.03557979494357  101.61832872850168  -3.15  1.38  1.03  0  0  0  4  1  0  2  5.30  0.00  0.39  
18.689  95.04855797949436  101.64683287285018  -3.2  0.98  0.98  0  0  0  4  1  0  2  5.20  0.00  0.49  
18.713  95.09485579794944  101.62268328728503  -3.39  0.55  0.86  0  0  0  4  1  0  2  5.20  0.00  0.29  
18.737  95.09948557979494  101.5842683287285  -3.47  0.34  0.74  0  0  0  4  1  0  2  5.30  0.00  0.39  
18.76  95.10894855797949  101.64342683287286  -3.85  -0.05  0.92  0  0  0  4  1  0  2  5.49  0.00  0.29  
18.785  95.10089485579795  101.61334268328729  -3.95  -0.11  1.03  0  0  0  5  1  0  2  5.59  0.00  0.39  
18.809  95.0640894855798  101.57433426832873  -3.73  -0.18  0.99  0  0  0  5  1  0  2  5.98  0.00  0.49  
18.833  95.09640894855798  101.55243342683286  -3.53  -0.34  0.92  0  0  0  5  1  0  2  6.18  0.10  0.00  
18.857  95.0906408948558  101.55024334268327  -3.44  -0.15  0.94  0  0  0  5  1  0  2  6.57  7.55  0.00  
18.881  95.09006408948558  101.59502433426832  -3.18  0.19  0.89  0  0  0  5  1  1  2  6.67  8.73  0.00  
18.906  95.06300640894855  101.59950243342684  -3.18  0.53  1.08  0  0  0  5  1  1  2  6.77  68.87  0.00  
18.93  95.04230064089485  101.58195024334267  -3.26  0.62  1.02  0  0  0  5  1  1  2  6.87  95.65  0.00  
18.954  95.04023006408949  101.57119502433426  -3.27  0.85  1.02  0  0  0  5  1  1  2  6.87  95.65  0.00  
18.978  95.00402300640894  101.57011950243341  -3.27  0.94  1.11  0  0  0  5  1  1  2  6.87  95.55  0.00  
19.002  95.0004023006409  101.60601195024334  -3.11  1.21  0.89  0  0  0  6  1  1  2  6.97  95.55  0.00  
19.026  94.97304023006409  101.57360119502432  -3.2  1.26  0.95  0  0  0  6  1  1  2  7.06  95.55  0.00  
19.051  94.9253040230064  101.62436011950243  -3.37  1.47  0.78  0  0  0  6  1  1  2  6.87  95.65  0.00  
19.075  94.92953040230066  101.62043601195026  -3.2  1.31  1.03  0  0  0  6  1  1  2  6.97  95.65  0.00  
19.099  94.92095304023006  101.61104360119502  -3.26  1.02  1.15  0  0  0  6  1  1  2  6.87  95.55  0.20  
19.123  94.92909530402301  101.60110436011949  -3.06  1.17  1.23  0  0  0  6  1  1  2  6.97  95.55  0.20  
19.147  95.0019095304023  101.58211043601194  -3.03  1.25  1.16  0  0  0  6  1  1  2  6.97  95.55  0.20  
19.172  95.00919095304023  101.62521104360118  -3.1  1.18  1.17  0  0  0  6  1  1  2  6.97  95.55  0.20  
19.195  95.01891909530403  101.64752110436012  -3.24  1.33  1.24  0  0  0  6  1  1  2  6.87  95.65  0.00  
19.22  95.0468919095304  101.62275211043602  -3.01  1.14  1.08  0  0  0  6  1  1  2  6.87  95.65  0.00  
19.245  95.02268919095303  101.61127521104359  -3.07  1.16  1.27  0  0  0  6  1  1  2  6.77  95.65  0.29  
19.268  95.0292689190953  101.59212752110437  -3.16  1.37  1.3  0  0  0  6  1  1  2  6.87  95.65  0.29  
19.293  95.01192689190952  101.59021275211045  -3.19  1.11  1.15  0  0  0  6  1  1  2  6.77  95.55  0.39  
19.316  95.09119268919096  101.59002127521106  -3.23  0.74  0.98  0  0  0  6  1  1  2  6.87  95.55  0.00  
19.341  95.0901192689191  101.54500212752112  -3.28  1.05  1.08  0  0  0  6  1  1  2  6.97  95.65  0.00  
19.365  95.0810119268919  101.54050021275212  -3.36  1.18  1.2  0  0  0  6  1  1  2  6.87  95.65  0.00  
19.389  95.07110119268918  101.50405002127522  -3.05  1.13  1.28  0  0  0  6  1  1  2  6.97  95.55  0.00  
19.414  95.11511011926892  101.52740500212752  -3.23  1.12  1.2  0  0  0  6  1  1  2  7.06  95.55  0.00  
19.438  95.09251101192689  101.49374050021274  -3.31  1.04  1.02  0  0  0  6  1  1  2  7.16  95.65  0.00  
19.462  95.1262511011927  101.50837405002127  -3.24  0.85  1.09  0  0  0  6  1  1  2  7.26  95.55  0.00  
19.486  95.10262511011928  101.49183740500212  -3.2  0.96  1.06  0  0  0  6  1  1  2  7.36  95.65  0.29  
19.51  95.07326251101193  101.4631837405002  -3.21  1.11  1.11  0  0  0  6  1  1  2  7.36  95.65  0.10  
19.534  95.1063262511012  101.49631837405002  -3.15  1.15  1.39  0  0  0  6  1  1  2  7.26  95.65  0.10  
19.559  95.10063262511012  101.49063183740499  -3.21  1.25  1.19  0  0  0  6  1  1  2  7.36  95.65  0.10  
19.582  95.10906326251101  101.4990631837405  -3.37  0.88  1.06  0  0  0  6  1  1  2  7.46  95.65  0.29  
19.607  95.1189063262511  101.52690631837406  -3.24  1.29  0.98  0  0  0  6  1  1  2  7.36  95.65  0.59  
19.632  95.13789063262512  101.5476906318374  -3.23  1.62  1.27  0  0  0  6  1  1  3  7.46  95.65  0.49  
19.655  95.13978906326251  101.54976906318373  -3.31  1.47  1.09  0  0  0  6  1  1  3  7.46  95.55  0.20  
19.68  95.11297890632625  101.53197690631838  -3.36  1.42  1.31  0  0  0  6  1  1  3  7.55  95.65  0.10  
19.704  95.09229789063262  101.47619769063184  -3.41  1.33  1.26  0  0  0  6  1  1  3  7.46  95.55  0.00  
19.728  95.09022978906326  101.48861976906318  -3.4  1.16  1.04  0  0  0  6  1  1  3  7.46  95.65  0.20  
19.752  95.10802297890632  101.48986197690631  -3.29  1.53  0.98  0  0  0  6  1  1  3  7.46  95.45  0.59  
19.776  95.10080229789064  101.48998619769063  -3.29  1.23  1.08  0  0  0  6  1  1  3  7.46  95.65  0.29  
19.801  95.10908022978907  101.44499861976907  -3.23  1.55  1.36  0  0  0  6  1  1  3  7.46  95.55  0.00  
19.825  95.11890802297891  101.4314998619769  -3.19  1.33  1.5  0  0  0  6  1  1  3  7.46  95.65  0.00  
19.849  95.12889080229789  101.47514998619769  -3.08  1.4  1.22  0  0  0  6  1  1  3  7.55  95.55  0.00  
19.873  95.21088908022979  101.50651499861978  -3.26  0.92  1.17  0  0  0  6  1  1  3  7.55  95.65  0.00  
19.898  95.21908890802298  101.54565149986198  -3.27  1.07  0.95  0  0  0  6  1  1  3  7.55  95.65  0.00  
19.921  95.2469088908023  101.55856514998621  -3.15  0.92  1.09  0  0  0  6  1  1  3  7.55  95.55  0.00  
19.946  95.22269088908024  101.56885651499861  -3.19  0.93  1.12  0  0  0  6  1  1  3  7.55  95.55  0.00  
19.97  95.25626908890803  101.55188565149986  -3.16  1.0  1.16  0  0  0  6  1  1  3  7.46  95.65  0.00  
19.994  95.2416269088908  101.57718856514998  -3.07  1.14  1.18  0  0  0  6  1  1  3  7.46  95.55  0.00  
20.019  95.29416269088907  101.60671885651499  -2.88  1.21  1.21  0  0  0  6  1  1  3  7.36  95.65  0.00  
20.042  95.29041626908892  101.6006718856515  -2.86  1.59  1.3  0  0  0  6  1  1  3  7.26  95.55  0.29  
20.067  95.31704162690889  101.57306718856515  -3.27  1.34  1.4  0  0  0  6  1  1  3  7.06  95.65  0.39  
20.091  95.3107041626909  101.56130671885653  -3.21  1.34  1.23  0  0  0  6  1  1  2  6.97  95.65  0.20  
20.115  95.27407041626908  101.53313067188566  -2.92  1.44  1.14  0  0  0  6  1  1  2  6.77  95.65  0.29  
20.14  95.25240704162691  101.52131306718856  -2.94  1.83  1.21  0  0  0  6  1  1  2  6.77  95.55  0.10  
20.163  95.31324070416268  101.51113130671887  -2.96  1.96  1.12  0  0  0  6  1  1  2  6.57  95.55  0.29  
20.188  95.36432407041627  101.5371131306719  -3.08  1.58  1.17  0  0  0  6  1  1  2  6.47  95.65  0.29  
20.212  95.37843240704163  101.54871131306719  -3.14  1.59  0.96  0  0  0  6  1  1  2  6.28  95.65  0.00  
20.236  95.43384324070416  101.54987113130672  -2.95  1.56  1.18  0  0  0  6  1  1  2  6.08  95.65  0.00  
20.26  95.42138432407042  101.54998711313067  -3.12  1.51  1.19  0  0  0  6  1  1  2  6.08  95.55  0.00  
20.285  95.44713843240704  101.53199871131308  -3.04  1.53  1.13  0  0  0  5  1  1  2  5.98  95.65  0.00  
20.308  95.4137138432407  101.50319987113132  -3.11  1.45  1.1  0  0  0  5  1  1  2  5.98  95.55  0.00  
20.333  95.43737138432407  101.51831998711313  -3.31  1.19  0.99  0  0  0  5  1  1  2  5.98  95.65  0.00  
20.357  95.4397371384324  101.53783199871133  -3.21  1.13  1.12  0  0  0  5  1  1  2  5.89  95.65  0.00  
20.381  95.47597371384325  101.56678319987113  -3.03  1.09  1.1  0  0  0  5  1  1  2  5.98  95.55  0.10  
20.406  95.47059737138433  101.56067831998712  -3.34  1.27  1.27  0  0  0  6  1  1  2  5.89  95.65  0.10  
20.429  95.45205973713843  101.57806783199871  -3.07  0.79  1.29  0  0  0  6  1  1  2  5.89  95.65  0.29  
20.454  95.54020597371385  101.56180678319988  -3.11  0.5  1.24  0  0  0  6  1  1  2  5.98  95.65  0.00  
20.478  95.5310205973714  101.55118067831998  -3.25  0.59  1.18  0  0  0  6  1  1  2  5.98  95.65  0.20  
20.502  95.54810205973715  101.586118067832  -3.19  1.01  0.99  0  0  0  6  1  1  2  6.08  95.55  0.20  
20.527  95.53181020597371  101.6076118067832  -3.09  0.8  1.22  0  0  0  6  1  1  2  6.08  95.55  0.10  
20.55  95.53018102059737  101.56476118067833  -3.24  1.03  1.16  0  0  0  6  1  1  2  6.08  95.55  0.20  
20.575  95.60201810205974  101.53347611806784  -3.19  0.84  1.05  0  0  0  6  1  1  2  6.08  95.65  0.39  
20.599  95.57320181020596  101.53034761180679  -2.99  0.98  1.05  0  0  0  6  1  1  2  5.98  95.65  0.29  
20.623  95.64232018102061  101.54803476118067  -3.11  1.01  1.0  0  0  0  6  1  1  2  6.08  95.55  0.29  
20.647  95.61323201810207  101.55880347611807  -3.13  0.74  1.02  0  0  0  5  1  1  2  5.89  95.65  0.29  
20.672  95.5833232018102  101.5958803476118  -3.23  1.28  1.04  0  0  0  6  1  1  2  5.69  95.55  0.39  
20.696  95.59833232018102  101.5905880347612  -3.0  1.05  1.28  0  0  0  5  1  1  2  5.79  95.65  0.49  
20.72  95.59983323201809  101.59005880347613  -2.98  0.68  1.05  0  0  0  5  1  1  2  5.69  95.65  0.39  
20.745  95.60898332320181  101.5810058803476  -3.08  0.93  1.27  0  0  0  5  1  1  2  5.59  95.55  0.10  
20.768  95.63689833232019  101.55310058803475  -3.12  1.01  1.0  0  0  0  5  1  1  2  5.59  95.65  0.00  
20.793  95.64868983323203  101.59531005880348  -3.31  0.97  0.65  0  0  0  5  1  1  2  5.49  95.65  0.00  
20.816  95.6228689833232  101.59053100588037  -3.11  1.35  1.02  0  0  0  5  1  1  2  5.49  95.65  0.00  
20.841  95.62028689833232  101.56305310058805  -3.1  1.59  1.1  0  0  0  5  1  1  2  5.40  95.65  0.29  
20.866  95.64702868983323  101.5513053100588  -3.0  1.4  1.16  0  0  0  5  1  0  2  5.40  95.65  0.29  
20.889  95.67670286898333  101.53213053100589  -3.09  1.22  1.31  0  0  0  5  1  0  2  5.40  95.55  0.29  
20.914  95.69767028689834  101.54821305310058  -2.98  1.17  1.23  0  0  0  5  1  0  2  5.30  95.55  0.29  
20.938  95.75376702868985  101.58582130531006  -3.11  0.66  1.02  0  0  0  5  1  0  2  5.30  95.55  0.39  
20.962  95.75937670286899  101.56258213053101  -3.26  1.06  0.77  0  0  0  5  1  0  2  5.30  95.65  0.69  
20.986  95.7329376702869  101.59625821305309  -3.22  1.23  0.98  0  0  0  5  1  0  2  5.40  95.45  0.69  
21.011  95.7572937670287  101.60862582130531  -3.21  1.31  0.77  0  0  0  5  1  0  2  5.20  95.65  0.69  
21.035  95.76872937670286  101.61886258213055  -3.3  1.23  0.78  0  0  0  5  1  0  2  5.20  95.55  1.28  
21.059  95.75187293767029  101.62888625821304  -3.21  1.05  0.85  0  0  0  5  1  0  2  5.30  95.55  1.86  
21.083  95.72318729376703  101.6388886258213  -3.34  1.79  0.97  0  0  0  5  1  0  2  5.30  95.55  0.29  
21.107  95.7383187293767  101.63988886258213  -3.01  1.15  1.4  0  0  0  5  1  0  2  5.30  95.55  0.20  
21.131  95.80283187293767  101.62198888625822  -2.82  0.72  1.07  0  0  0  5  1  0  2  5.20  95.65  0.20  
21.155  95.79128318729377  101.64719888862584  -3.22  1.31  1.04  0  0  0  5  1  0  1  5.30  95.55  3.14  
21.179  95.79012831872939  101.65871988886258  -3.35  1.87  0.92  0  0  0  5  1  0  1  5.30  95.55  0.00  
21.203  95.81701283187294  101.70487198888625  -3.11  1.38  0.76  0  0  0  5  1  0  1  5.30  95.55  0.00  
21.227  95.7657012831873  101.67348719888862  -3.31  0.98  0.91  0  0  0  5  1  0  1  5.20  95.65  0.29  
21.251  95.80557012831872  101.70634871988887  -3.18  1.18  1.13  0  0  0  6  1  0  1  5.40  95.65  0.00  
21.275  95.80955701283187  101.73663487198888  -3.31  1.06  0.84  0  0  0  6  1  0  1  5.20  95.55  0.00  
21.299  95.81895570128319  101.7216634871989  -3.22  0.54  0.96  0  0  0  6  1  0  1  5.30  95.55  0.00  
21.323  95.81089557012831  101.6841663487199  -3.26  0.74  0.97  0  0  0  6  1  0  1  5.30  95.65  0.00  
21.347  95.85508955701283  101.626416634872  -3.25  0.54  0.91  0  0  0  6  1  0  1  5.40  95.65  0.00  
21.371  95.86850895570129  101.61164166348719  -3.44  0.62  0.98  0  0  0  6  1  0  1  5.40  95.55  0.00  
21.395  95.84285089557012  101.58316416634871  -3.27  0.38  1.05  0  0  0  6  1  0  1  5.40  95.55  0.00  
21.42  95.83128508955701  101.58031641663487  -3.13  0.18  0.79  0  0  0  6  1  0  1  5.49  95.65  0.00  
21.443  95.8031285089557  101.5890316416635  -3.11  0.45  1.02  0  0  0  6  1  0  1  5.69  95.55  0.29  
21.468  95.80031285089557  101.55390316416634  -3.15  0.79  0.81  0  0  0  6  1  0  1  5.59  95.55  1.08  
21.491  95.82703128508956  101.58639031641664  -3.05  1.13  0.96  0  0  0  6  1  0  1  5.69  95.55  2.16  
21.516  95.85670312850895  101.58963903164167  -3.24  0.47  0.95  0  0  0  6  1  0  1  5.59  95.55  0.00  
21.539  95.8326703128509  101.65296390316416  -3.27  0.53  0.82  0  0  0  6  1  0  2  5.49  95.55  0.49  
21.564  95.82126703128509  101.66829639031641  -3.08  0.36  0.82  0  0  0  6  1  0  2  5.59  95.55  0.10  
21.588  95.82012670312851  101.66982963903163  -3.3  0.6  0.86  0  0  0  6  1  0  2  5.59  95.55  0.59  
21.612  95.82001267031285  101.68798296390317  -3.22  0.71  0.73  0  0  0  6  1  0  2  5.59  95.65  0.10  
21.637  95.83800126703129  101.65379829639033  -3.22  0.89  0.72  0  0  0  6  1  0  2  5.59  95.55  0.00  
21.661  95.91180012670313  101.62337982963905  -3.15  0.85  0.77  0  0  0  6  1  0  2  5.59  95.55  0.39  
21.685  95.91018001267031  101.6023379829639  -3.15  0.37  0.7  0  0  0  6  1  0  2  5.59  95.65  0.49  
21.709  95.87401800126703  101.60023379829639  -3.18  0.34  0.91  0  0  0  6  1  0  2  5.59  95.65  1.28  
21.734  95.8164018001267  101.63602337982964  -3.31  1.06  0.75  0  0  0  6  1  0  2  5.59  95.65  0.88  
21.757  95.77464018001267  101.64860233798298  -3.08  0.7  0.76  0  0  0  6  1  0  2  5.59  95.65  0.59  
21.782  95.77946401800126  101.58686023379829  -3.03  0.13  1.08  0  0  0  6  1  0  2  5.69  95.55  0.78  
21.806  95.73494640180013  101.60768602337983  -3.15  0.57  1.17  0  0  0  6  1  0  2  5.69  95.55  0.20  
